step,episode_return,reward_scale,alpha_scaled,td_sigma,q_loss,policy_loss,log_prob,r_ent_for_scaler
1000,4.381614554061761,0.009861446861785956,0.6084299884280238,84.52945644067215,9.185274393530563e-05,-4.2025933265686035,-3.8793137073516846,5.012722249272459
2000,5.247348338912293,0.010272575766109583,0.5840794107155378,86.55494294457318,0.0004160039534326643,-4.269715785980225,-4.146453380584717,2.504326183761291
3000,4.049639242354778,0.010110712301397158,0.5934299998993033,85.74463026035272,0.0004648349713534117,-4.152619361877441,-3.882450580596924,2.303962647652683
4000,4.058606197219655,0.009595570261581487,0.6252885275638755,86.17540918067351,0.00023166922619566321,-4.13249397277832,-3.6664867401123047,2.8208456524092647
5000,4.671962162201376,0.009441615454653005,0.6354844707261497,87.22017019154272,0.000446815334726125,-4.400030136108398,-4.02271032333374,2.55636994070836
6000,3.8889925131762495,0.009605467987489496,0.6246442138805328,87.91423916921359,0.00044421188067644835,-4.2410969734191895,-3.8232760429382324,2.3881872582894266
7000,3.9662538422172835,0.009577070854291348,0.6264963569013887,88.1734010870161,0.0004453333094716072,-4.558317184448242,-4.30585241317749,2.6976008502107507
8000,3.763511494893309,0.00957542030020587,0.6266043486227963,88.2291252171812,6.790314364479855e-05,-4.598918914794922,-4.34835147857666,3.871881206390177
9000,3.11571182206578,0.009382844760531316,0.6394649120956193,88.11498707627484,0.00013284198939800262,-4.855710983276367,-4.636946201324463,3.840122969058017
10000,5.946561936401704,0.009715846368204866,0.6175478463343159,88.9354493281173,0.00046407707850448787,-4.227616310119629,-3.743400812149048,2.3117291095087737
11000,2.016828585442003,0.009503965440017744,0.6313154270044145,88.41226788475863,0.00048237197916023433,-5.184979438781738,-5.137184143066406,3.243183600880275
12000,1.4542453177498773,0.009220012194802545,0.650758358365544,87.99590989737445,0.0005202176980674267,-4.655735969543457,-4.0701751708984375,2.6487005124740644
13000,3.901324302694441,0.00919118594476893,0.6527993271004204,88.38426938274037,0.0005823394749313593,-4.977452278137207,-4.357523441314697,2.844588370314543
14000,2.899633200959843,0.009123834168253577,0.6576182654521525,88.48997222983357,0.0006866148323751986,-4.655841827392578,-3.5538997650146484,2.3371093990597456
15000,2.598423703892806,0.009002808468132641,0.6664586968875633,88.58245822027796,0.0008814082248136401,-5.402097702026367,-4.159621238708496,2.772215750295496
16000,6.661585041679311,0.009356184256270349,0.6412870712736238,89.51859056067705,0.000720541866030544,-5.626742362976074,-3.8052053451538086,8.029681648609836
17000,6.385764593626256,0.009563832353893595,0.62736356911958,90.06394522442511,0.001842945464886725,-6.415883541107178,-4.0637993812561035,2.54947968401077
18000,5.280633705640702,0.009617522868315081,0.6238612667890807,90.22770858571742,0.0015425612218677998,-7.183595657348633,-4.091457843780518,3.639862117726481
19000,3.665738880570141,0.009623510400386375,0.6234731143179422,90.1361384322695,0.0012798589887097478,-8.203670501708984,-4.287940502166748,4.979040075328632
20000,5.681167045397323,0.009773470255861286,0.6139068153813346,90.2375932836174,0.00576462596654892,-9.365544319152832,-4.095479488372803,2.514242770166525
21000,5.2811795691125525,0.009869641310822444,0.6079248283745395,90.30719369542253,0.008938564918935299,-10.831130981445312,-3.7720608711242676,2.2931294576965366
22000,2.5257937385795453,0.009776193591548112,0.6137358005253933,89.96752283370822,0.012806817889213562,-12.708181381225586,-4.117093086242676,2.5268074211227107
23000,3.053835271379362,0.00977565808405312,0.6137694207807561,89.75305104122536,0.016505897045135498,-14.053458213806152,-4.109702110290527,2.522409483814468
24000,4.553901420362744,0.009795249257688134,0.6125418396362601,89.71781422258017,0.02095559984445572,-15.324344635009766,-3.8148412704467773,2.3367498897197967
25000,2.2151865772001966,0.009678622059133366,0.6199229563198014,89.44659506583652,0.025279439985752106,-16.912193298339844,-4.340252876281738,2.6906223942400964
26000,7.102240821768565,0.009958578286951701,0.6024956401519224,89.68909307080635,0.030074965208768845,-17.939899444580078,-3.9600231647491455,2.385896691661978
27000,7.218725382031187,0.010036868859591775,0.5977959943420079,89.92229299782034,0.03511839732527733,-19.2844181060791,-4.070063591003418,2.4330677114190915
28000,6.475668312304904,0.010103013501320602,0.5938822114031341,90.01262060228177,0.04033052548766136,-20.626693725585938,-4.293686389923096,2.549943968319068
29000,3.5629961959824934,0.010033026064168216,0.5980249589332077,89.80412930196908,0.04556979611515999,-21.364782333374023,-3.6691102981567383,2.1942195353765928
30000,3.4692705993545827,0.009994461314784717,0.6003325052771232,89.62017042449601,0.042599763721227646,-23.0915470123291,-4.542607307434082,4.594202633855137
31000,4.661002067001278,0.010010134374454464,0.599392553142124,89.5788360689129,0.05828358232975006,-24.047950744628906,-4.040482044219971,2.4218348484099166
32000,4.712132647201443,0.009987418210540597,0.6007558583726548,89.52752217613909,0.06472417712211609,-24.886707305908203,-3.5123424530029297,2.1100603052524907
33000,3.3298056100373064,0.009952922068523374,0.6028380367786972,89.36824455950317,0.07117433100938797,-26.31121826171875,-4.095785140991211,2.4690950734625012
34000,3.8593650246322895,0.009906033314822165,0.6056914820811617,89.26867521418482,0.07826992869377136,-27.655607223510742,-4.426546096801758,2.6811212658724384
35000,5.406511855127324,0.009960479766144585,0.6023806223063518,89.31699409104789,0.08601602911949158,-28.535627365112305,-3.8850913047790527,2.3403037178898023
36000,2.101764039817935,0.009889103770528682,0.6067283890660633,89.08764669623882,0.07744788378477097,-29.39362144470215,-3.7910521030426025,4.601011512634853
37000,3.6109063634034295,0.009855693613157076,0.6087851586609965,88.99994818538329,0.10042312741279602,-30.706195831298828,-4.110583305358887,2.502462109742153
38000,2.8618487293463852,0.009782759580587497,0.6133238735526274,88.87375139902208,0.09896343946456909,-31.587709426879883,-3.847805976867676,3.62940057068585
39000,5.102732565545915,0.009809706144737234,0.6116391165518157,88.92774931004057,0.1161704882979393,-32.71489715576172,-3.931968927383423,2.404946001053987
40000,8.844284459238835,0.009956978922781554,0.6025924174924191,89.26866604307304,0.1245076134800911,-33.890235900878906,-3.968214988708496,2.3912162631755054
41000,5.687391650338994,0.009999583771517582,0.6000249747484653,89.30938820334123,0.11653243005275726,-34.98787307739258,-4.408533573150635,4.500463852526879
42000,5.002885566225821,0.009991335998793188,0.6005202908524662,89.29903022121093,0.13841846585273743,-35.788665771484375,-4.27178430557251,2.5652931536414036
43000,3.3800586364544474,0.009956887386128693,0.6025979573052942,89.18200804680218,0.145453080534935,-36.506080627441406,-4.138027667999268,2.4935670200091486
44000,5.357929081849473,0.009960534832252267,0.6023772920879676,89.19922131591225,0.1533484011888504,-37.68935012817383,-4.580486297607422,2.7591809323987992
45000,3.1611345610531996,0.009907359716534059,0.6056103918369696,89.08548125504997,0.1603512018918991,-38.41150665283203,-4.5214362144470215,2.7382287574971254
46000,6.212295931159845,0.009963073008530852,0.6022238314285681,89.17481498808988,0.158408060669899,-39.21654510498047,-4.336067199707031,3.724514091315746
47000,4.479984346217617,0.009946092075001895,0.6032520063915512,89.15181836454165,0.17560376226902008,-40.30744934082031,-4.887322902679443,2.948287346924754
48000,2.163559498192785,0.009892708250594595,0.6065073231730425,88.9870082149166,0.18176224827766418,-40.29962921142578,-3.8932409286499023,2.3612791341031825
49000,1.8395816631861197,0.009822071765469051,0.6108690857965312,88.81339686371675,0.18811000883579254,-41.01116180419922,-4.0783281326293945,2.4913245779575925
50000,4.431157770134528,0.009832759098041361,0.6102051255578073,88.80855207674088,0.19559796154499054,-41.9085693359375,-4.312798500061035,2.631691750235267
51000,3.696459652035928,0.009817058085976334,0.6111810633545094,88.76056006758739,0.20221130549907684,-42.493896484375,-4.2215471267700195,2.5801296619404743
52000,2.0393545265711923,0.009764100656182105,0.6144959183927627,88.6293506502747,0.20806977152824402,-42.86659622192383,-3.968478202819824,2.4386136578634283
53000,3.183530781271434,0.009727141959642591,0.616830722209431,88.57250513440319,0.2145422399044037,-43.49116134643555,-3.9970884323120117,2.465526944437981
54000,2.950087562860713,0.009697706114050651,0.6187030138299221,88.51080222260916,0.22052592039108276,-43.954261779785156,-3.8619861602783203,2.389422476733645
55000,7.143930480557369,0.009837685928870557,0.6098995275293208,88.6911817327992,0.22761549055576324,-44.34148406982422,-3.3247246742248535,2.027748007974813
56000,2.6701043303118395,0.009817730053930522,0.6111392314762112,88.59381652105937,0.23194469511508942,-45.60477828979492,-4.806483268737793,2.9374304909596822
57000,3.274687384343517,0.009797168820704283,0.6124218240804675,88.53432981807441,0.23241151869297028,-45.763282775878906,-4.277177810668945,3.081696997098955
58000,2.5675832641048033,0.009753243211798808,0.6151799836942043,88.44904438599556,0.24253414571285248,-46.11091232299805,-4.1479597091674805,2.5517417862498672
59000,3.3366199260654805,0.009715308391509301,0.6175820425055887,88.41100743934238,0.24778065085411072,-46.44577407836914,-3.9459080696105957,2.4369219651693963
60000,3.065924176201107,0.009691245594636924,0.6191154626522274,88.37218450997388,0.2526784837245941,-46.9862060546875,-4.141449928283691,2.5640356884003914
61000,3.7651699580675757,0.009669187319235132,0.6205278480916452,88.36104152847865,0.25812143087387085,-47.56267166137695,-4.303219795227051,2.6702677193976116
62000,5.297966500546088,0.009719520219046263,0.6173144213685021,88.43290012659834,0.2639160454273224,-48.0363883972168,-4.221460342407227,2.605968348603196
63000,2.924877377204293,0.00968544171075537,0.6194864601102491,88.38403258170197,0.2678556442260742,-48.12823486328125,-3.850417375564575,2.3852814299354943
64000,5.133981542848915,0.009699089047398659,0.6186147967792118,88.4488311216446,0.23880010843276978,-48.97515869140625,-4.440310478210449,5.75271115432154
65000,2.106567002106873,0.00965043012864429,0.6217339455358444,88.37229259920976,0.276803195476532,-49.21286392211914,-4.372210502624512,2.718351686509995
66000,3.75662454048373,0.009653366232005687,0.6215448430939076,88.36723823775507,0.2811555862426758,-49.430877685546875,-4.142807483673096,2.57494062740786
67000,4.2389329533863265,0.00965474994249814,0.6214557638193493,88.39308360166831,0.24423684179782867,-49.74653625488281,-4.01088285446167,6.062388266402724
68000,0.9872880723985369,0.009600745181414705,0.6249514893505254,88.27438170475735,0.28152164816856384,-50.029876708984375,-4.256317138671875,3.1927139439540397
69000,1.5884715517972101,0.009561684872617937,0.6275044701778832,88.18598119926097,0.29076313972473145,-50.16551208496094,-4.164852619171143,2.613463636161957
70000,1.705100091297152,0.009513881128195215,0.6306574487480696,88.10914407665818,0.29355481266975403,-50.38971710205078,-4.204448699951172,2.6515668905033443
71000,3.945552055171103,0.009517534419425452,0.6304153718376785,88.13153776911726,0.29276615381240845,-50.58702850341797,-4.053088665008545,2.900930047489742
72000,4.50976708234056,0.009541530518010126,0.6288299333817247,88.17892680242197,0.2560785710811615,-50.92150115966797,-3.9200315475463867,6.299255745976834
73000,3.222165049598042,0.009509511267814437,0.6309472517591301,88.16478671449839,0.30452075600624084,-50.95854187011719,-3.655167579650879,2.3062179390997932
74000,1.982120087528826,0.009472408340420338,0.6334186391012099,88.11382881666457,0.3076709508895874,-51.585628509521484,-4.279258728027344,2.7105622398690543
75000,4.025008327405511,0.00947669939919237,0.633131826520881,88.14665455256679,0.31116244196891785,-51.91634750366211,-4.337862014770508,2.7464385006072005
76000,4.811086794438366,0.0094896399655861,0.6322684550476966,88.21443945818775,0.315879225730896,-52.34624481201172,-4.376249313354492,2.766964392258188
77000,4.183553436218788,0.009478801082059203,0.6329914456540681,88.25082670330166,0.3193536400794983,-52.229820251464844,-3.7252607345581055,2.358058177806271
78000,3.9402738571967753,0.009471327252011113,0.6334909395856825,88.28040009512377,0.31396418809890747,-52.24903869628906,-4.393615245819092,2.7833154502519157
79000,5.281839084898648,0.009475324492090953,0.633223696455799,88.36580139946234,0.3267782926559448,-52.994659423828125,-3.917682647705078,2.4807694877205515
80000,2.88364815612273,0.009447770298037768,0.6350704780837184,88.35265426410854,0.32836276292800903,-53.42036056518555,-4.395869731903076,2.791687092233434
81000,1.0622144322500007,0.009404078181696033,0.6380210674639346,88.27261270609405,0.32893607020378113,-53.293399810791016,-4.17926025390625,2.66645608840686
82000,3.269277124539288,0.00940580285271577,0.6379040783602644,88.28048608806758,0.33001473546028137,-53.4390983581543,-4.271312713623047,2.7246877999721897
83000,5.458087709042959,0.009471647629087145,0.6334695118486229,88.37267572106855,0.3345600366592407,-53.66032028198242,-4.016826629638672,2.5445372042577588
84000,4.032227735894074,0.009492009785804556,0.6321105999040467,88.40249226500508,0.33932822942733765,-54.036006927490234,-4.018102169036865,2.5398849725456443
85000,4.276741861137029,0.00948947814345243,0.632279236992594,88.43692465294794,0.31999340653419495,-54.19670104980469,-4.161153316497803,4.169734454333729
86000,3.2257085381896227,0.0094743091482843,0.6332915578426674,88.43665237210257,0.29628950357437134,-54.225677490234375,-3.9828624725341797,6.08741251881422
87000,6.370026810673573,0.009557651586385616,0.6277692742584059,88.5510570374068,0.3422626256942749,-54.43305969238281,-4.186001777648926,2.627843297999063
88000,3.9003304943469486,0.00956271041992834,0.6274371738263891,88.56055995122914,0.2952379584312439,-54.5902099609375,-4.334336280822754,6.470114667710815
89000,6.299127772486578,0.009634689328449046,0.6227497115328218,88.65148862720086,0.34187644720077515,-54.56956481933594,-3.621629238128662,2.7348609072314978
90000,3.835597511372817,0.009615660919220885,0.623982069501485,88.64876816537483,0.35382986068725586,-55.1734619140625,-3.9135499000549316,2.441984965733606
91000,3.727538272356739,0.009604520798343646,0.6247058157273951,88.64166422469512,0.35574936866760254,-55.49345016479492,-4.199373245239258,2.623372888710989
92000,4.22832934005644,0.009601027652897396,0.6249331026756622,88.65375473653094,0.3370707929134369,-54.05073928833008,-4.128954887390137,2.5803205885845575
93000,2.7833130618982036,0.009576073206065105,0.6265616261370932,88.61744969023434,0.315922349691391,-55.224971771240234,-4.0075836181640625,5.4157876512996594
94000,2.7224947061024687,0.009563489665437172,0.6273860494338417,88.57862164606914,0.34116795659065247,-54.82249450683594,-3.8508682250976562,3.084092751653073
95000,4.522247914898059,0.009571391451711622,0.6268681027487429,88.60273424147756,0.30132779479026794,-50.63245391845703,-3.1832199096679688,1.9954590254055844
96000,3.2533426082047168,0.009553875746659042,0.6280173784024959,88.58327465254796,0.2878744304180145,-56.22570037841797,-4.266909599304199,8.697287121396702
97000,5.464870869379962,0.009570224888289134,0.6269445148924414,88.62857668923736,0.35874128341674805,-56.07211685180664,-4.7660017013549805,2.9880186246325486
98000,2.9342714605946307,0.009549036284631048,0.6283356582964147,88.59267738957404,0.35243961215019226,-56.564476013183594,-4.143646240234375,3.9699932611470956
99000,2.886186455539591,0.009525610312027937,0.6298809003790374,88.55299856712459,0.3347097933292389,-55.85256576538086,-3.844879627227783,4.621011110759471
100000,5.1933894948622275,0.009525794613062235,0.6298687137105083,88.58908753652717,0.35084399580955505,-56.20828628540039,-2.9782514572143555,3.7351235423354425
101000,3.286977757284353,0.009511161193126899,0.630837799735306,88.56604422120112,0.29631954431533813,-50.12849044799805,-3.0393662452697754,1.9173471147557435
102000,3.9934665920986934,0.009502012001659706,0.631445213808611,88.56216920316639,0.3390427529811859,-56.718868255615234,-3.7230396270751953,5.151439409093374
103000,3.8220431763535467,0.00949432402886232,0.6319565228404116,88.56011441590604,0.35363829135894775,-56.25030517578125,-5.15008020401001,3.5858207577351005
104000,5.486252168815679,0.009515378849737206,0.6305581832052548,88.6137084321001,0.3417428433895111,-54.185428619384766,-3.7790937423706055,2.3829384843515564
105000,3.4677470050653265,0.009498111084628565,0.6317045512038921,88.61438710551607,0.3298485577106476,-53.62136459350586,-4.318408489227295,2.7279582966024063
106000,3.8221207019565755,0.009489334858262921,0.6322887841580854,88.61310993760885,0.2923964858055115,-50.335201263427734,-3.825493812561035,2.4188168315484955
107000,3.6132530617588676,0.009472265353854509,0.6334282007374767,88.59275614649145,0.34445831179618835,-54.69572067260742,-4.262711048126221,2.7001213894783556
108000,6.727444560882793,0.009504947102280913,0.6312502253232081,88.65533058482497,0.35430070757865906,-57.53010940551758,-3.769965648651123,4.759657162850193
109000,5.309922911488337,0.009517622737009686,0.6304095219774516,88.66791357465151,0.35806572437286377,-57.92045974731445,-4.135603904724121,4.8628283995354025
110000,5.02712580847275,0.009527488719155323,0.6297567152125625,88.66998518095133,0.2795059084892273,-49.88054275512695,-4.767257213592529,3.002212243405425
111000,6.008201960946433,0.009564949924943462,0.6272902678092657,88.70985869153549,0.3347029685974121,-54.15108871459961,-4.510371208190918,2.829311963105282
112000,4.143044705597235,0.009549608624654489,0.6282980000363192,88.69841180667092,0.3938448131084442,-57.988807678222656,-3.6993484497070312,2.324293232388386
113000,3.8288178654776517,0.009535293735491054,0.629241234348929,88.68554248524468,0.34436309337615967,-54.511962890625,-3.9239377975463867,2.469103463236506
114000,5.198756665965354,0.009535261121638156,0.6292433865690719,88.71916237108776,0.3243907690048218,-52.63371658325195,-3.342806816101074,2.1034390816096167
115000,4.095846023631505,0.009533503213328007,0.6293594144502824,88.71198480728809,0.29945531487464905,-51.12981033325195,-4.106374740600586,2.5843856022578153
116000,4.525632757791676,0.009536610442471135,0.6291543558578319,88.71504893163035,0.24201399087905884,-46.542320251464844,-4.607814788818359,2.8990267453712066
117000,3.42551615805504,0.00952505254541285,0.6299177848514367,88.68224776815377,0.28791409730911255,-49.526607513427734,-3.0826449394226074,1.9418128717245802
118000,6.82552131433054,0.009542716758456716,0.6287517644996458,88.73779790515815,0.39164072275161743,-59.459266662597656,-3.15946102142334,3.926081287967292
119000,5.909766905444913,0.009586459082318205,0.6258828153834957,88.77144564696914,0.30778244137763977,-51.8859748840332,-4.2136101722717285,2.637226197549966
120000,3.04700550884814,0.009564465475623762,0.6273220406610021,88.7361194471606,0.3097708821296692,-52.09263610839844,-4.311525821685791,2.704715176822534
121000,5.657432704283295,0.009568389540905019,0.627064771386021,88.75386429136837,0.3454221189022064,-56.825904846191406,-4.475127696990967,4.662929914981403
122000,4.918630872963591,0.009576264655027002,0.6265490998988146,88.76047859956198,0.31323328614234924,-52.889129638671875,-3.9291133880615234,3.21233692465632
123000,5.433141356267887,0.00957466655611645,0.6266536766407916,88.78415607214983,0.36611828207969666,-56.881980895996094,-5.043809413909912,3.160721713502083
124000,3.2633146991107345,0.009572318211862718,0.6268074114548721,88.75614016295692,0.3471447229385376,-54.80076217651367,-3.998900890350342,2.5065407157450807
125000,5.873108203445175,0.00958593034439712,0.6259173376433869,88.78903674428379,0.3442580997943878,-54.39345169067383,-3.671097755432129,2.2978037333086916
126000,7.530123301713205,0.0096316246206176,0.6229478656338319,88.87021547907077,0.400004506111145,-61.41846466064453,-3.6487836837768555,5.2116899791969455
127000,3.3690320913987146,0.009620922501787511,0.6236408201900842,88.84633671392697,0.3176144063472748,-52.57280731201172,-4.010995388031006,2.5014204535703013
128000,4.787291253401104,0.009616838204682364,0.6239056821272762,88.84135971028576,0.40752390027046204,-60.33904266357422,-3.5657143592834473,3.6248475686238892
129000,6.62739466379394,0.009638355100334188,0.6225128600825222,88.88743866965207,0.40329229831695557,-59.46003723144531,-4.508024215698242,3.0118051786479194
130000,5.165848488548064,0.009650227693602539,0.6217469877915526,88.90260436073685,0.3434308171272278,-54.960514068603516,-3.359316349029541,2.860947364808182
131000,8.07148087542484,0.00968602484684722,0.6194491646336202,88.9796473966983,0.40185844898223877,-59.87908935546875,-3.383673667907715,3.4728412660894277
132000,6.213626729651557,0.0097045274262987,0.6182681274865948,89.0174109339093,0.37705671787261963,-57.099430084228516,-3.9438230991363525,2.438340122641412
133000,7.291602606093954,0.009729592201575822,0.6166753832733328,89.08073113793739,0.41243836283683777,-62.15666198730469,-3.200093984603882,4.947800267368969
134000,7.8599014641248255,0.00976170658107327,0.6146466245598132,89.15207671793233,0.36079683899879456,-55.83374786376953,-3.7148733139038086,2.2833343430583035
135000,6.078210966292469,0.00976202946730776,0.6146262946750479,89.16538374845734,0.4242188036441803,-62.834598541259766,-4.535235404968262,4.759328428345968
136000,7.721384668024283,0.009785891812562501,0.613127563120776,89.22003028039059,0.3029610514640808,-51.38901138305664,-3.719639539718628,2.280613526675367
137000,8.586954865455958,0.009805010056334261,0.611932059786503,89.2741996853947,0.42953959107398987,-63.21900939941406,-3.2044076919555664,4.709352107428681
138000,8.930221229997745,0.009828870671299061,0.61044653049718,89.31953106713605,0.44601958990097046,-62.43496322631836,-3.4796576499938965,2.7831845777601503
139000,8.01651334322726,0.00983580623274435,0.6100160838900445,89.352441734298,0.3347998261451721,-54.05602264404297,-3.860577344894409,2.355014273487113
140000,9.694677411736906,0.009861098914740206,0.608451456767288,89.41540267323069,0.42185190320014954,-63.66936111450195,-3.874542236328125,5.5939457322718535
141000,8.211624598041395,0.009871267366285122,0.6078246872830875,89.45105214415703,0.3973252475261688,-58.9143180847168,-3.8749334812164307,2.5299756350358504
142000,8.448154430387788,0.009885283756775802,0.6069628497904616,89.48429598395248,0.2876380383968353,-49.98429489135742,-3.2821943759918213,1.9921700520182215
143000,10.040813715136881,0.009919208981807036,0.6048869432033025,89.55671720834218,0.42611369490623474,-64.43869018554688,-3.4872548580169678,5.978405503843763
144000,9.208094092840446,0.009945345889072456,0.6032972675784517,89.59012610262701,0.4644368290901184,-63.96857452392578,-2.7906694412231445,2.9132580383492996
145000,11.32081614405222,0.009970696796877064,0.60176335939523,89.65134492099217,0.42510610818862915,-59.793556213378906,-2.0779266357421875,1.3407323878354496
146000,12.292389914826408,0.009997631645828028,0.6001421349128997,89.7554039567039,0.4149860739707947,-62.793697357177734,-5.196375846862793,4.97379598804157
147000,11.667380107915307,0.010040770326730985,0.5975637132169564,89.82265122814793,0.35632452368736267,-56.26333236694336,-4.427243709564209,2.6455601904036015
148000,14.790787387426082,0.010102475492970586,0.593913838660125,89.93637488754275,0.27454495429992676,-49.85702896118164,-4.601729393005371,2.733030768274947
149000,13.255194001568464,0.010142075449933846,0.5915948889967227,90.01608441540552,0.4318007230758667,-63.79914093017578,-2.950512409210205,4.6481831051911495
150000,14.26582925220949,0.010188576012389362,0.5888948556406675,90.10293979777559,0.45599210262298584,-63.52971267700195,-2.8402962684631348,2.6857331736575842
151000,12.63199332010205,0.010218549816133772,0.5871674658303054,90.165612379891,0.34770846366882324,-57.78806686401367,-2.304555892944336,4.620278728579209
152000,11.60200465731795,0.010251969934206639,0.5852533745715006,90.23679856908566,0.35138580203056335,-55.78055191040039,-3.9131078720092773,2.2901595871557334
153000,13.136596263488729,0.010304312653175909,0.5822804685716452,90.32034934849622,0.3354578912258148,-54.8082275390625,-4.286299705505371,2.4958286009601722
154000,14.20724255425365,0.010357764415006257,0.5792755810614153,90.40859660554318,0.45337384939193726,-65.97992706298828,-3.9928085803985596,5.105066156590775
155000,12.97323465629865,0.01039554938984652,0.5771700729795276,90.4447065455868,0.4608994722366333,-66.82466888427734,-5.799386978149414,5.422140131666857
156000,18.381111424339267,0.010467410293467915,0.5732076828730256,90.60318932694763,0.48804837465286255,-66.00357055664062,-1.8103303909301758,2.707764496412665
157000,14.168646513314744,0.010512031366444023,0.5707745525905581,90.66848119113837,0.47687357664108276,-67.66400146484375,-4.029317855834961,5.051942721471265
158000,17.54684196605028,0.010592091044343945,0.5664603877441113,90.80395473285338,0.47190502285957336,-68.02949523925781,-4.120620250701904,5.651407779510959
159000,19.556276116070425,0.010685980658367202,0.561483329590528,90.99031929586754,0.45292478799819946,-67.68373107910156,-4.305581092834473,6.447531613462564
160000,15.83411101966695,0.010736358269934314,0.5588487128640416,91.03796010057991,0.45387640595436096,-67.63700103759766,-3.783541202545166,6.304406373322992
161000,17.238091406858345,0.010805599968383477,0.5552676406266781,91.1105875221819,0.3528498709201813,-56.78135681152344,-4.79156494140625,2.6606009599241554
162000,19.027088306696736,0.01087241541860856,0.5518552933261516,91.18085268611614,0.5020238757133484,-68.54634094238281,-4.041820526123047,3.9413848958003035
163000,17.146364514014245,0.010925177835942355,0.549190145011719,91.23912713681732,0.4746726453304291,-68.46967315673828,-4.21522331237793,5.609117753194753
164000,19.1537529194367,0.011003128534681599,0.5452994556128417,91.34357121232493,0.2595209777355194,-48.32948303222656,-3.2938671112060547,1.796143942601705
165000,17.134591234754005,0.011067805378540711,0.5421128936395428,91.40859437310468,0.4524552822113037,-65.42882537841797,-3.694596290588379,3.9430237414334823
166000,19.547393090288967,0.011134769283297399,0.5388526557977489,91.50132038840012,0.496356725692749,-68.74906158447266,-3.2313594818115234,4.284011521790891
167000,22.849832858122397,0.011244162311420025,0.5336102266956924,91.65742156539861,0.49360814690589905,-68.59290313720703,-3.6685824394226074,4.196914569935397
168000,21.972402622502994,0.011322153393904435,0.5299345266979204,91.79007364269206,0.49674633145332336,-69.40039825439453,-3.7494311332702637,4.70653575751049
169000,24.32887776396874,0.011424372673391785,0.525192951204616,91.96057327177645,0.518497109413147,-69.44142150878906,-3.5243659019470215,3.223604797649295
170000,19.880816437321013,0.01150969719238421,0.5212995528648754,92.01675885071062,0.3989032208919525,-60.947689056396484,-5.430696964263916,2.8310198992154154
171000,23.558110271180578,0.011627573962421209,0.5160147782668346,92.09947575031714,0.38128137588500977,-59.09416580200195,-4.311103820800781,2.2245932821758188
172000,23.270371611303368,0.011720033050894666,0.5119439487879244,92.19323742798238,0.5025082230567932,-70.30323791503906,-3.611530303955078,4.9494647938294785
173000,24.370483686204082,0.011813518655801401,0.5078927095995663,92.30179512421903,0.46342480182647705,-63.160858154296875,-0.6421051025390625,0.3261205003762718
174000,22.37105228949183,0.011893434828409547,0.5044799998119931,92.35804790131954,0.4749870002269745,-67.85319519042969,-4.294410705566406,4.20067504484628
175000,29.641401103512884,0.012028247278434273,0.49882579407537964,92.58843351149365,0.49495750665664673,-70.90442657470703,-3.904031276702881,5.765482241883563
176000,23.557197724539403,0.012110816899684598,0.49542487923801887,92.64650825939282,0.5426650047302246,-70.73059844970703,-2.931105136871338,2.4818159024056095
177000,24.749025086577,0.01221983268461259,0.49100508614617094,92.72625266142775,0.5246108174324036,-71.14755249023438,-3.8995697498321533,3.985907782009961
178000,26.871883931170697,0.01232375886736221,0.4868644432738926,92.83535302702944,0.5179789662361145,-71.86331939697266,-5.143733501434326,5.0490143282939375
179000,28.763345912723178,0.012451780500307073,0.4818587992176729,92.9499301834481,0.31259092688560486,-53.84478759765625,-3.8945860862731934,1.8766405749814572
180000,26.330116019831586,0.01255814283019051,0.47777765240698244,92.9850887869306,0.15910935401916504,-39.04932403564453,-4.100140571594238,1.9589555368349183
181000,24.907918832919744,0.01264081672354319,0.4746528749859301,92.97774769038323,0.4967016279697418,-68.35100555419922,-1.3404922485351562,2.823020271743256
182000,30.243150233288596,0.012771841936511194,0.46978345252203957,93.08373221231547,0.2727925777435303,-50.84663772583008,-2.8130745887756348,2.2294212667119226
183000,34.28053362499922,0.012948022410910783,0.4633912276012157,93.24372252676304,0.5084882378578186,-71.24559020996094,-5.477959156036377,4.755017820141656
184000,28.058988029701233,0.013065545919451882,0.4592230617066867,93.27660923115411,0.3676080107688904,-60.224388122558594,-1.1693973541259766,3.6701397596522103
185000,28.536844519414736,0.013191945106044082,0.45482299628816775,93.30216779648951,0.4461026191711426,-66.43965148925781,-4.517457008361816,4.122281902186403
186000,31.43766315572179,0.013327423632980034,0.4501995408289119,93.4060936052542,0.5361156463623047,-69.34503936767578,-0.21469688415527344,0.9531711896354894
187000,31.60283864720738,0.013449441787030598,0.4461151693140043,93.50390885592228,0.35755059123039246,-58.90601348876953,0.08896827697753906,2.994851177184025
188000,35.14188507871884,0.013612574338217212,0.4407689428115768,93.62023257260935,0.4542039632797241,-64.54045104980469,-0.4718928337097168,1.4454197022329431
189000,33.34424267040457,0.0137546508244546,0.4362160898575855,93.67083911486233,0.4957818388938904,-68.95219421386719,-1.3077130317687988,2.9968989786921028
190000,34.52022030834867,0.013915039901807083,0.43118812754685726,93.74576101502029,0.5303198099136353,-73.82205200195312,-4.610075950622559,5.553519758787353
191000,36.24255740938372,0.014064231256751615,0.4266141455203722,93.88678312045185,0.5362216234207153,-71.5403060913086,0.20814228057861328,2.789689035430344
192000,34.26720708799268,0.014210575700309617,0.42222075491771055,93.96937044232122,0.5489079356193542,-73.82838439941406,-3.721543312072754,4.208053446908359
193000,36.443339305492835,0.014345077170556558,0.41826195346756806,94.02978685204063,0.5421175956726074,-72.71150970458984,-2.7578773498535156,3.478655325639871
194000,37.46140786786761,0.014503417717166914,0.4136955934805714,94.14294063949738,0.47692182660102844,-67.1798095703125,1.0486345291137695,2.1651390125901684
195000,37.94295318846054,0.01467786130326327,0.40877890014303675,94.23688109930963,0.4222678542137146,-63.772125244140625,0.31046199798583984,2.5349839596180286
196000,42.519790393079916,0.014894482345161648,0.40283373808886025,94.43385575522048,0.5344053506851196,-73.59781646728516,-4.190804958343506,4.56380790528854
197000,37.72279374598256,0.015047617844383687,0.3987342090987123,94.54061341745296,0.5484115481376648,-74.83513641357422,-4.584430694580078,4.823265367753
198000,37.690941170717025,0.015198132910636061,0.3947853354934828,94.61073503098915,0.5238821506500244,-72.84436798095703,-3.2840728759765625,4.36540784753495
199000,43.308444762688694,0.015377562234511966,0.3901788793632166,94.79791007311233,0.5484285950660706,-73.54000854492188,-2.1762537956237793,3.3365027968301715
200000,42.53406639658639,0.015551413371224013,0.38581702233587756,94.9485211354115,0.5559976696968079,-75.43501281738281,-4.005027770996094,4.636407673230714
201000,38.821100991038364,0.015704989006317074,0.3820442024879227,95.02134399606018,0.5542535781860352,-70.96086120605469,2.9330129623413086,0.21916930226544729
202000,41.563775891868914,0.015908821866798022,0.37714923520025706,95.1133229133733,0.33952561020851135,-56.438934326171875,-2.69791316986084,1.0175158886497169
203000,46.00280020892542,0.01610093358656684,0.3726491987399945,95.24341724308263,0.5293801426887512,-73.51802825927734,-4.312246322631836,4.2203367319519565
204000,40.47600974610108,0.01625896613006085,0.36902715412554615,95.2924322739749,0.543479859828949,-74.2148666381836,-2.035094976425171,3.964245773600743
205000,40.542320347274085,0.016453220640970757,0.3646702448673899,95.30379262499235,0.5555288791656494,-74.2332763671875,-1.210160732269287,3.19973532564972
206000,49.765041978566934,0.01666834352172718,0.35996378357447467,95.46499054127509,0.5069060921669006,-71.92709350585938,-5.186470985412598,3.958563369107998
207000,46.55487205641994,0.016873423505106094,0.35558877534155,95.51934493572362,0.5201548933982849,-72.49111938476562,-3.5330047607421875,3.60088243200709
208000,48.16312470458379,0.017068365739552137,0.3515275036611347,95.60605666335955,0.3997926115989685,-62.98139190673828,2.5354514122009277,2.5304909125947646
209000,49.23638912300265,0.0173119785519511,0.3465808360375877,95.67385676956663,0.5334596633911133,-73.5950927734375,-3.754037857055664,3.716511118520403
210000,47.98430537381451,0.017521627565239957,0.34243394214719064,95.74320859505812,0.449775755405426,-65.6946029663086,4.756512641906738,1.484108938664288
211000,41.221886062410725,0.017737332687741802,0.3382695755685169,95.71099289694232,0.49013057351112366,-71.2926025390625,-4.499300956726074,4.285978273371024
212000,52.378151318186475,0.017955426995290496,0.33416080840482,95.80154158564439,0.5545119047164917,-75.5705795288086,-3.060800075531006,4.231431127025523
213000,52.14164918693511,0.01817539439399986,0.3301166329562975,95.9034339957728,0.5377601385116577,-76.3366470336914,-3.585275650024414,6.008615377810609
214000,54.96042025746254,0.018396662577298002,0.32614611344799943,96.03380511827582,0.5514895915985107,-76.61589050292969,-3.3896195888519287,5.298931578757449
215000,55.19840242028596,0.01864468727449981,0.3218074892683318,96.14406808010659,0.5473931431770325,-77.25556182861328,-4.140918731689453,6.122390996862258
216000,52.597879497528496,0.018881117030198433,0.31777780892960983,96.20947838199135,0.5232933163642883,-74.39575958251953,-3.5154032707214355,4.798761778953926
217000,49.818613495143616,0.01911617699611829,0.31387028908648174,96.24446057558015,0.5863369703292847,-75.86305236816406,-0.4135928153991699,2.1661196773447084
218000,31.003060836441758,0.01920875075464669,0.3123576372372145,96.17440190789358,0.15002383291721344,-39.437313079833984,-3.168966770172119,2.186171571690995
219000,56.80519502986377,0.019412836093856783,0.3090738504663267,96.26692154006176,0.18407678604125977,-44.52392578125,-5.173111915588379,3.2214003876455024
220000,56.18902886369519,0.01961033162790357,0.30596116954302754,96.35394002009376,0.5643751621246338,-78.11164855957031,-5.329095363616943,5.725839993010585
221000,61.0497230930268,0.01985464511917907,0.302196285251362,96.47802504027185,0.41421449184417725,-65.28314971923828,-1.5293822288513184,3.19037816541459
222000,63.3443291305195,0.02010651653333676,0.298410716249727,96.60565209453111,0.516080915927887,-70.51896667480469,3.127974033355713,1.1186492008093516
223000,66.96581391044772,0.020398532822352846,0.29413880166053713,96.75809534516121,0.5781121850013733,-76.37208557128906,-2.931032657623291,2.803334630627633
224000,63.88724359394008,0.02065412059331072,0.29049893327064374,96.8647904396608,0.5487503409385681,-77.28337097167969,-4.392322063446045,5.528177144593168
225000,61.34913844229535,0.020885946654676905,0.287274505637811,96.9518018981588,0.5779973268508911,-77.853515625,-3.558596611022949,4.144803180680343
226000,65.83322301757433,0.021141296864829857,0.2838047277024643,97.05349756721256,0.5746512413024902,-77.68622589111328,-4.003859996795654,4.114091634930991
227000,66.62230859908371,0.021393482125561684,0.2804592522519272,97.16136476426745,0.5772351026535034,-77.99855041503906,-3.2230653762817383,4.179241331243871
228000,66.73898323583742,0.021650666306777554,0.277127729695864,97.23935318303555,0.5533114671707153,-75.382080078125,-2.6790876388549805,3.0506778959130916
229000,59.36546924074039,0.0218329800352864,0.27481360722644443,97.27605586174124,0.5077153444290161,-72.53630065917969,-1.2459168434143066,3.2230816293629205
230000,68.34353831543574,0.022081884437928315,0.2717159405876734,97.38099249007813,0.5235686898231506,-75.01303100585938,-4.181726455688477,4.550048542840838
231000,69.84976164067128,0.022339367174981514,0.26858415249647577,97.47471753440622,0.5516006946563721,-77.57396697998047,-6.125666618347168,5.1796687369121175
232000,68.69758354837514,0.022607366016786277,0.2654002237830324,97.55855693121235,0.5734003186225891,-77.44573974609375,-3.585714340209961,3.5712794013190234
233000,72.59388381489345,0.022873549264399273,0.2623117178119133,97.66187867111181,0.45599082112312317,-69.33866882324219,-0.06684255599975586,3.3904412861319453
234000,72.42857219981254,0.023129884822577506,0.25940466396716727,97.73368062966388,0.5617898106575012,-77.37229919433594,-3.4789657592773438,4.118327502721305
235000,77.62563645951317,0.023446254555395674,0.25590441261413427,97.8375270373622,0.3369293212890625,-59.54682159423828,1.9500150680541992,2.7564251424490522
236000,72.8074761112854,0.023741609745851346,0.2527208586203154,97.88791940908239,0.49728235602378845,-73.41397094726562,-3.2053937911987305,4.385129139544059
237000,84.08721030360356,0.0241078525755429,0.24888156177323406,98.02789917418926,0.5764029026031494,-78.98628997802734,-3.2332963943481445,4.562331782574974
238000,77.01783415981231,0.024375155748013137,0.24615227332400003,98.11068512297047,0.5359966158866882,-75.55653381347656,-1.6214685440063477,3.727942154819699
239000,80.4305258748702,0.024672037953773793,0.24319028737073786,98.20376584775408,0.5523980855941772,-76.83087158203125,-0.32431793212890625,3.842402285457957
240000,79.06727017895048,0.02496392350135208,0.24034683489055844,98.2818946280601,0.5493015646934509,-77.3139877319336,-3.40055775642395,4.4724823965476475
241000,81.7746425757109,0.025280467275749736,0.23733738520551376,98.35986005832069,0.11441708356142044,-35.28680419921875,-0.5377249717712402,2.0159957882527495
242000,86.30478915902795,0.025617801937738334,0.23421213164901647,98.46465670099995,0.5757615566253662,-79.56532287597656,-5.808104515075684,4.8513742631541295
243000,83.86415586740436,0.025917111803572528,0.23150727771961588,98.54700328030553,0.5420756340026855,-76.26507568359375,-3.698474168777466,3.7090658298641594
244000,88.35774976826472,0.02625620052431007,0.22851745036166693,98.64818756872994,0.47028234601020813,-70.72677612304688,2.7533106803894043,3.0766740767733736
245000,88.56515476556531,0.026606360856902697,0.225509983581365,98.7214428092642,0.5725385546684265,-78.48677062988281,-1.6895058155059814,3.7879301884579286
246000,87.99648354377145,0.02691953748211856,0.22288644461241322,98.79495809413253,0.5680382251739502,-78.8205337524414,-3.6287646293640137,4.360442852136075
247000,75.48989447167916,0.027186988619184716,0.22069380629254584,98.7784614155452,0.4811627268791199,-71.27906036376953,1.0874786376953125,2.760494406399501
248000,81.89021546002434,0.027446434882130694,0.21860762702941675,98.79207080732341,0.4455079734325409,-68.65876770019531,3.660212516784668,2.7186313531987616
249000,88.82711050041341,0.027751589101022104,0.21620383532483972,98.84325724420526,0.4793199300765991,-72.12628173828125,-3.2429726123809814,3.6942003311708445
250000,96.28074800721379,0.028120552617671185,0.21336707288709367,98.93656412234272,0.5321171283721924,-75.3521957397461,-2.605485200881958,3.1815779622329785
251000,95.4709373544537,0.02847259020424815,0.21072898380368613,99.0172004254453,0.5601942539215088,-78.61748504638672,-2.3973186016082764,4.50694779544023
252000,95.6837941825846,0.02881407930136688,0.20823153630022018,99.08545483448239,0.5607447028160095,-78.0985107421875,-3.887176513671875,3.9004611584332936
253000,83.1995857937477,0.029117231116456543,0.20606354965561635,99.08703173092985,0.09329640120267868,-31.412731170654297,-3.734269618988037,1.1471343150558455
254000,50.5544323840779,0.02926378425771126,0.20503158262653431,98.99164185577578,0.08123920112848282,-29.50363540649414,-3.5966711044311523,1.2885521058326066
255000,80.97438460734116,0.029550290766701254,0.20304368736571282,98.96436172143167,0.44264304637908936,-67.55620574951172,4.219449043273926,1.7138088150796824
256000,79.7694178960114,0.029770465831929112,0.2015420260426339,98.94099728306786,0.5121942162513733,-75.10441589355469,-3.3000407218933105,4.294572181715761
257000,99.68157303511107,0.030124047325086598,0.1991764232491874,98.98795557878162,0.5160534977912903,-75.53326416015625,1.9532747268676758,4.423425496501707
258000,91.2600429762874,0.030395146865773482,0.1973999344861305,99.00589318451628,0.4829553961753845,-72.8001708984375,-3.1807446479797363,3.9960384089047847
259000,105.46803932005062,0.030780047196637596,0.19493147498017607,99.06480517044784,0.44670915603637695,-68.1237564086914,1.3940114974975586,1.912504987763808
260000,101.15336298039676,0.03113330684035221,0.19271965007659694,99.10689012226652,0.5176487565040588,-74.38408660888672,0.25870704650878906,3.078852847688727
261000,93.3126017234475,0.03143161281082743,0.19089061818466868,99.11649649734478,0.07444797456264496,-28.13052749633789,-2.617072105407715,1.0864389968752495
262000,100.9995563948942,0.03180367979556777,0.1886574144428461,99.1498739974157,0.5448142290115356,-77.0325927734375,-5.816320419311523,3.848558200066864
263000,90.56150035490666,0.032126007195671456,0.18676457249901937,99.13243746506464,0.5532534122467041,-78.45044708251953,-4.206472873687744,4.714742706450661
264000,111.90283677572158,0.032528095281248,0.18445592796387675,99.20229053749692,0.5476351976394653,-77.80509185791016,-3.6258976459503174,4.393040189297985
265000,103.71305991711576,0.03289861928121948,0.18237847457097273,99.22852634293265,0.45411592721939087,-70.31199645996094,-2.9231224060058594,3.443756527508783
266000,113.64847642779088,0.033304835898970965,0.18015401781893736,99.28846607548917,0.47657275199890137,-70.88847351074219,2.4240241050720215,2.3454277282464715
267000,112.11155200145758,0.03368449770165943,0.1781234814050505,99.3361021900606,0.4326227009296417,-68.47737121582031,-0.5287618637084961,3.1399816848162176
268000,114.33455604501306,0.03407490137783401,0.176082681310504,99.38154246212007,0.5149554014205933,-74.59124755859375,0.21080684661865234,3.2746521015400054
269000,102.96847147637463,0.034421010850768825,0.1743121381882945,99.38921233336696,0.5603662133216858,-79.1363296508789,-3.591841220855713,4.735941663921068
270000,116.27453229718454,0.034811453671049,0.17235706548474042,99.43326527515904,0.5356242060661316,-76.61395263671875,-2.4100916385650635,3.8423773405156885
271000,124.25505978687907,0.035266701009020074,0.1701321594686556,99.49427251122532,0.5549622178077698,-77.25711822509766,-0.002462625503540039,3.1380796418217582
272000,95.35355052942586,0.035552618958567254,0.16876393851581942,99.46130252207944,0.06255914270877838,-25.6564998626709,-4.618369102478027,0.779414159253962
273000,108.27860623232507,0.03587275770222834,0.16725784088875031,99.45584460042302,0.5050069689750671,-74.61788940429688,-1.672661304473877,3.940751802898869
274000,113.81056419892475,0.036235732458449244,0.16558241252277914,99.47437323968875,0.4563350975513458,-69.97909545898438,0.9872825145721436,2.7815906979307465
275000,124.3311277418611,0.03665742306068966,0.16367762649508832,99.52602875781223,0.537132740020752,-76.4215087890625,-1.409900188446045,3.4795394845205796
276000,123.19991723979322,0.037070733047030444,0.16185274762136465,99.56387679768132,0.4711570739746094,-71.67472839355469,-3.626608371734619,3.333205293815443
277000,113.54631533443066,0.03742587003317317,0.1603169143344371,99.56883877960294,0.2241012156009674,-49.65142059326172,-2.406618118286133,2.5162015841603123
278000,125.95673824141575,0.03783489947097754,0.15858374368359274,99.60638488109923,0.5149914026260376,-75.20513153076172,-3.2908406257629395,3.724698063855456
279000,134.90201655709194,0.03832676311612209,0.15654857108128992,99.66033352127809,0.536288857460022,-77.80518341064453,-5.840052127838135,4.822180928151567
280000,141.61664373439478,0.038860414605868136,0.15439876442012965,99.72407288287064,0.5703672170639038,-79.88909149169922,-3.717073917388916,4.574808968928659
281000,130.33221079290286,0.039279163922517006,0.1527527421875817,99.75388711005517,0.5443482995033264,-77.67179870605469,-3.285327672958374,4.073416534116677
282000,135.1946370950921,0.03972480826726776,0.15103911791422917,99.79461659839218,0.4276370704174042,-68.91101837158203,-2.7333664894104004,3.6513663845217867
283000,134.4928131330983,0.04016009418517589,0.1494020400533511,99.81586456809198,0.2523115873336792,-53.5938835144043,-3.115781784057617,3.455747099620487
284000,131.03198664342636,0.040582573941319824,0.14784670900065805,99.83188289039082,0.48685359954833984,-73.04495239257812,-0.975405216217041,3.387355741615478
285000,15.89040371613237,0.04054395891468669,0.14798752170761875,99.67068328999063,0.052209530025720596,-23.727624893188477,-5.376044750213623,0.9534669124137383
286000,133.7869977646198,0.040947642620104203,0.1465285817712534,99.69056874284843,0.19260989129543304,-47.56357955932617,-6.585763931274414,3.8120386498632572
287000,17.278778159849335,0.04090689405407732,0.1466745432216935,99.5311792142405,0.049524374306201935,-22.88912010192871,-3.666896343231201,0.7393804753360464
288000,134.82269183032184,0.041302243765615684,0.14527055803672895,99.54944430652868,0.4772835373878479,-71.80999755859375,0.786933422088623,3.0355559332991655
289000,133.03957783555154,0.041681518924988906,0.14394868888530069,99.55761335125838,0.5253931879997253,-76.71963500976562,-4.198981761932373,4.556286052564364
290000,116.49588236399069,0.041993566596378026,0.1428790285347543,99.53076231281186,0.04781648889183998,-24.0574893951416,-5.2321624755859375,2.293115478757788
291000,95.59935772158732,0.04220569648386477,0.14216090480330776,99.45617836028505,0.24045762419700623,-50.950721740722656,-0.242842435836792,2.180917171165568
292000,66.37309557487217,0.04224811025910368,0.14201818645147832,99.33888753083887,0.23893210291862488,-51.446327209472656,-2.7828574180603027,2.888800233967053
293000,63.33874680199477,0.04230489772841211,0.14182755005150102,99.2147360688828,0.07979902625083923,-28.12127685546875,-0.6654691696166992,0.09438186196154323
294000,64.77559886865912,0.04233618802986265,0.14172272656592946,99.09297150893036,0.12627050280570984,-37.29558181762695,-3.0257272720336914,2.083327356317503
295000,72.53239955450653,0.04242021192738883,0.14144200906563761,98.9810410993515,0.16699714958667755,-43.27705764770508,-3.166841983795166,2.8281725756250387
296000,110.52707135163627,0.04260380394977414,0.14083249484185575,98.91702605512849,0.2913631796836853,-56.801937103271484,-1.6074671745300293,3.408441240680469
297000,124.48522661766114,0.04289998379468112,0.13986019269181868,98.87996888958422,0.2365354597568512,-51.25612258911133,-1.5418896675109863,3.165938673089334
298000,127.23947179191845,0.04319046390216458,0.13891955440884482,98.85127256155164,0.37513384222984314,-62.97227096557617,3.532564163208008,2.4276736407920607
299000,130.68419247028825,0.04350732187188619,0.13790782199069612,98.83084207865261,0.28283536434173584,-55.5494270324707,-2.5840368270874023,2.988943281513002
300000,135.71159574562859,0.04383783318745178,0.13686807863755115,98.81571207209475,0.3636845350265503,-62.73985290527344,-0.26415014266967773,3.147789408884336
301000,122.47198835940314,0.04407943120398354,0.1361179088775939,98.77374149834782,0.29152369499206543,-56.31614685058594,-2.270106792449951,2.9853058311714262
302000,134.9058411875604,0.044393834629454926,0.13515390256508844,98.75298758001642,0.3164578080177307,-57.97298812866211,3.2101874351501465,2.41990627853882
303000,141.34939029728477,0.04474963202066554,0.13407931482496166,98.74310120438219,0.3726124167442322,-63.80567169189453,-0.300203800201416,3.5309155174812186
304000,128.65642542205563,0.04505455307957516,0.13317189029492368,98.70974411041328,0.3784036338329315,-63.895023345947266,0.2610130310058594,3.1741954569722046
305000,134.89452401424683,0.04534720185916916,0.1323124637024722,98.68308658187848,0.3540380895137787,-62.302005767822266,-3.4214084148406982,3.5844827598680578
306000,132.56221129998391,0.045621912846960724,0.13151574814776126,98.65227339837949,0.36757317185401917,-62.54344940185547,4.044074058532715,2.7327368007663573
307000,133.46936328001763,0.04589260972301711,0.13074000446286982,98.62861703807081,0.3314668536186218,-59.69706344604492,-2.4181370735168457,2.9134562739889125
308000,131.1648030163693,0.04614536384960915,0.13002389621532523,98.59712820583395,0.2968309223651886,-56.762569427490234,1.5761909484863281,3.0446904399281154
309000,134.88568362492109,0.04642589487193717,0.12923821967353805,98.57579739169141,0.3744492828845978,-63.432960510253906,-1.7315304279327393,3.112200606869501
310000,75.53678011597695,0.0465408176518351,0.1289190930181997,98.46827547579,0.03814749792218208,-21.008609771728516,-2.8097972869873047,1.776392951927454
311000,136.39515710488425,0.04681703862945149,0.1281584691310557,98.44328658884457,0.39575132727622986,-65.31514739990234,-3.025965452194214,3.3856906858065834
312000,147.0686447184167,0.0471624382723634,0.1272198855654994,98.4441030732532,0.3646179735660553,-62.247047424316406,1.9855642318725586,2.8029493149456894
313000,158.51991542593834,0.047593393475910524,0.1260679174523857,98.47055457416423,0.4872666895389557,-71.97187042236328,-1.3043007850646973,3.23500468055098
314000,166.1910723584893,0.04807230751677094,0.12481198240602005,98.50668774340988,0.5125815868377686,-74.58096313476562,-2.5994677543640137,4.0552862417134055
315000,105.69938114900592,0.048311716788890194,0.1241934751815685,98.42389137221328,0.2764799892902374,-54.81964874267578,-2.1145973205566406,3.0670241314793287
316000,173.9330926149626,0.04886836481433002,0.12277881657788921,98.46203437495656,0.4343727231025696,-67.55589294433594,2.4881772994995117,2.6625570152378373
317000,145.23036542208743,0.04923556671763115,0.12186312456623787,98.43510404844842,0.472395658493042,-71.02690124511719,-0.19005131721496582,3.371419437095401
318000,167.2389443929184,0.049697208746032485,0.12073112658422698,98.44794828493096,0.4799671173095703,-72.033935546875,-2.0720937252044678,3.829531778236643
319000,80.12771330328364,0.04985722869385918,0.12034363235153117,98.34487502614044,0.04004910588264465,-20.38465118408203,-4.538533687591553,0.7036068182471731
320000,85.87929247159866,0.05001172213541599,0.11997187346906171,98.24365807467665,0.04132124036550522,-20.474857330322266,-4.203094482421875,0.5042531194236286
321000,52.474284660398254,0.05004074441530735,0.11990229302353492,98.11508862908313,0.0370476134121418,-19.863967895507812,-4.262476921081543,0.9790129434974129
322000,74.8699259938249,0.05014979209696276,0.11964157275865117,98.00649696561727,0.0368778258562088,-19.426654815673828,-5.064120292663574,0.6058793164532709
323000,135.97121561765883,0.05042300114204616,0.11899331384693776,97.95971690045114,0.1418095976114273,-38.75294494628906,-0.0007658004760742188,1.8636513616254566
324000,75.64091519558605,0.050533927490933654,0.11873211321396832,97.8503955516092,0.038436830043792725,-19.53755760192871,-2.9591073989868164,0.3536814628896965
325000,62.450145952629974,0.050615883439895044,0.11853986520110497,97.7308837350502,0.03308984264731407,-18.727394104003906,-3.9233193397521973,0.9495470187541696
326000,26.423373542374634,0.050588905912886936,0.11860307891085602,97.58927450645652,0.022339779883623123,-15.241325378417969,-2.2037320137023926,0.6551465727364194
327000,18.80602363525418,0.05055308308293468,0.11868712319991882,97.44158748249836,0.004007091745734215,-6.245790481567383,6.042969703674316,0.07758257594863227
328000,116.98716133994277,0.05076388131552309,0.11819427207913788,97.37176812935448,0.031024904921650887,-16.998136520385742,1.2929320335388184,-0.15281716055192013
329000,115.40291309087695,0.05090888589485758,0.11785761747746426,97.29879759337493,0.16659322381019592,-42.0948486328125,-1.816514253616333,2.3815366914697766
330000,92.16798091066731,0.050937145402313644,0.117792231044959,97.20001604589126,0.07709450274705887,-27.18345832824707,-1.655447006225586,0.1949987962400099
331000,81.15430890034887,0.05095483796390689,0.11775133117389192,97.09275043152887,0.004607765004038811,6.635767936706543,0.38268470764160156,-0.04506163374469023
332000,99.99037093160939,0.05105491372593205,0.11752051981144475,97.00295478030277,0.22546376287937164,-48.71383285522461,-1.932424545288086,2.653893719034201
333000,42.153883826862575,0.05104336869988667,0.11754710068760257,96.8705274955402,0.008195651695132256,-8.726468086242676,1.4206228256225586,-0.043204642322711276
334000,105.56115496091243,0.05113522277726919,0.1173359511140556,96.79131517540827,0.07594316452741623,-27.48168182373047,-1.8560905456542969,0.8081369209221634
335000,47.91128921535665,0.051161988957045844,0.11727456501031322,96.66246434526091,0.0017304527573287487,-4.257309436798096,-2.0147199630737305,0.23627540728706606
336000,30.874557850065113,0.05114365316840212,0.11731660975104055,96.53069207308042,0.03676319494843483,-18.973234176635742,-3.9610705375671387,0.4646993664521084
337000,30.567121056672224,0.051126771120375634,0.11735534766850964,96.39620711529577,0.0027125668711960316,-5.25596809387207,-2.006138801574707,0.235431116530087
338000,71.60918710079478,0.05115365856521119,0.11729366321572368,96.28849910221076,0.03757867589592934,-19.060808181762695,-3.368225336074829,0.3950714882042287
339000,25.806226701815714,0.051132695890262175,0.11734174964834299,96.15853577375626,0.03298467397689819,-18.28774642944336,-4.39259672164917,0.8237385058631027
340000,36.014720003520786,0.05112050417647801,0.11736973444719603,96.02991862890312,0.1871981918811798,-44.1770133972168,-4.598168849945068,2.6283195943807898
341000,41.43362728834436,0.051114424729402724,0.11738369416781481,95.90383719850404,0.11685605347156525,-34.51851272583008,-4.108041763305664,1.7345412842631365
342000,109.44520498724879,0.05123612512768676,0.11710487444253949,95.82905419511705,0.01365678571164608,-12.044591903686523,-0.9177546501159668,0.8457930048557254
343000,82.15387739226416,0.05130341652097417,0.11695127550710085,95.7298556514013,0.010757259093225002,-10.664912223815918,-6.293884754180908,0.7360778498961531
344000,15.448754622167064,0.05127404542225911,0.11701826822104577,95.5952064757166,0.02897408790886402,-18.208078384399414,-4.413154602050781,1.9360752077461718
345000,52.72833286030783,0.05127813376974041,0.11700893848716162,95.47828825980308,0.041440270841121674,-19.690290451049805,-2.1698098182678223,0.25388714355453895
346000,110.13985470313249,0.05139554329755381,0.11674163974224536,95.40655723184287,0.16246545314788818,-40.37018585205078,0.0467839241027832,1.914661675325455
347000,117.83123352403518,0.05149994000239313,0.11650499009748727,95.34116159814549,0.18600523471832275,-43.18092346191406,1.2954812049865723,2.0618774501894874
348000,104.09434590515332,0.05156753329297288,0.11635227859187947,95.26196477570403,0.03534245863556862,-18.495384216308594,-5.0409650802612305,0.5865277733904907
349000,127.19517340795325,0.051713657128277336,0.11602350971072908,95.21166163619358,0.2167838215827942,-47.79747009277344,2.158576011657715,3.4668754035718563
350000,87.5435598132958,0.051780704759593885,0.11587327804549291,95.1183880966092,0.026194410398602486,-17.24258804321289,0.70263671875,1.8479754085239566
351000,131.83858203003214,0.05195922994707494,0.11547515246302782,95.07197765546793,0.19197715818881989,-44.31003189086914,-5.396022796630859,2.6540563628649845
352000,135.7790073290192,0.05214389390153271,0.1150662052843667,95.03205239487993,0.2908470332622528,-53.9638786315918,-0.11727273464202881,2.7128689520689435
353000,125.99738872982459,0.052345896852281394,0.11462216450186777,94.98238261691358,0.33548668026924133,-57.52015686035156,0.6704757213592529,2.505212179720591
354000,120.5920420347823,0.05251458960819748,0.11425396341788047,94.92391076948971,0.001830153283663094,-4.631813049316406,0.3193068504333496,0.5709401453337218
355000,76.80348066300188,0.05259519548745596,0.11407886108971702,94.8220299391965,0.38572871685028076,-62.5406608581543,-3.5055809020996094,3.6494841427971685
356000,142.4070141991536,0.05280911302246541,0.11361675393880509,94.78736966025556,0.33048784732818604,-57.053043365478516,2.1510262489318848,2.561613292688547
357000,153.12901243978305,0.053062584737324336,0.11307402437521268,94.77624570910658,0.26449719071388245,-51.11180877685547,-0.5804257392883301,2.369058646132715
358000,78.04850321279025,0.05310913328905316,0.11297491840705144,94.67587774095229,0.04227488115429878,-19.913429260253906,-3.9589180946350098,0.44725844872158976
359000,25.617512296745232,0.053080788514404884,0.11303524623361125,94.55043825154634,0.07493183761835098,-27.6911563873291,1.8577818870544434,1.8092218536529283
360000,149.40143764572412,0.05331192768958117,0.11254517065929674,94.5282658117701,0.38854771852493286,-62.083763122558594,-0.9062304496765137,3.16089505219197
361000,145.52073507581963,0.0535284308859584,0.11208996603660809,94.49584842463982,0.2808593511581421,-52.62467575073242,-0.00595855712890625,2.545501542777165
362000,141.50071546228256,0.053722214294431685,0.11168564212778365,94.45871173834584,0.1575532853603363,-39.18040466308594,1.0457539558410645,1.6869224288889033
363000,156.14044617584543,0.05398657019312942,0.11113875133270808,94.44341459124452,0.43046170473098755,-65.76493835449219,-4.968235015869141,3.8010125973350872
364000,159.42742077145564,0.05425984224187701,0.11057901667412667,94.43062680792856,0.4311257600784302,-65.5550765991211,1.5574960708618164,3.551768265736233
365000,161.37266114195842,0.054536258700665176,0.11001854808068853,94.42287748008872,0.3969462513923645,-63.194149017333984,2.0554285049438477,3.7042698115302355
366000,165.97873070456285,0.05482845992415926,0.10943221838255936,94.42307869225587,0.4231380820274353,-63.989864349365234,0.7382168769836426,2.5685325225989506
367000,149.84890874162863,0.05508349299297999,0.10892555417218473,94.39924339054636,0.4080899953842163,-63.18016052246094,-0.7238039970397949,2.8761044508376585
368000,163.30324903396223,0.05535030756065922,0.10840048166714361,94.39443367452814,0.3849567472934723,-61.747684478759766,-2.096238136291504,3.1807703463122645
369000,82.11275789447365,0.05545778414152488,0.10819040271584539,94.30296105609928,0.015908870846033096,-12.654077529907227,-2.8904480934143066,0.759610206481345
370000,96.34184280608785,0.055556744739831014,0.10799768827525172,94.22290339721141,0.028144657611846924,-16.46013641357422,-3.4380476474761963,0.6529533763295073
371000,31.000262099207358,0.055546397383437536,0.10801780642193441,94.10304408323749,0.01828675903379917,-13.76467227935791,-0.5173749923706055,1.0392556863338278
372000,21.7400826461079,0.055511000584054546,0.10808668438456308,93.98121916697349,0.004373025614768267,-6.409361839294434,0.28934288024902344,0.19449174437945405
373000,155.5841566313398,0.05573120865741539,0.10765960661076857,93.95949642279365,0.4085612893104553,-63.617000579833984,0.3292865753173828,3.5592199002689124
374000,159.44838847107684,0.05596833962346063,0.10720346610898815,93.94241682721285,0.34555280208587646,-57.58385467529297,1.4990522861480713,2.3609906808696675
375000,170.71510568286823,0.056265692822740375,0.10663691672476903,93.9400284092234,0.392238974571228,-61.24881362915039,1.076331615447998,2.4151312479693248
376000,163.6632852001789,0.056511307401431024,0.10617344166856177,93.9268851170426,0.3938077986240387,-62.46411895751953,-3.5085906982421875,3.5211399788288524
377000,148.20410594299986,0.05668469143065068,0.10584868416088204,93.89299640899081,0.27629554271698,-52.40571594238281,2.079007625579834,3.0519650928313276
378000,155.939692038627,0.056887550183237386,0.10547123194220401,93.87038236190486,0.37250444293022156,-61.244171142578125,-1.5615739822387695,3.9521290103751174
379000,153.361742561868,0.05707400645557487,0.10512666575580716,93.8393611173823,0.26306235790252686,-49.74287414550781,6.67732048034668,1.613038408625953
380000,147.0963025729305,0.05723320154170834,0.10483425421566776,93.80005487533407,0.27044299244880676,-50.936771392822266,0.9682283401489258,2.1568643306948543
381000,147.33211796138673,0.057395385351814314,0.10453802101374576,93.76332167225986,0.3772684335708618,-60.333595275878906,1.0119547843933105,2.74211837981635
382000,150.42980566385452,0.05755904392216845,0.10424078634998216,93.73342387092005,0.3790953755378723,-61.59414291381836,-3.3607215881347656,3.8817977369444834
383000,152.28656547436017,0.05773808810263899,0.10391753861565366,93.70007309779994,0.322767049074173,-56.348392486572266,0.015701770782470703,3.1149531155819807
384000,160.49121841221003,0.0579451671009873,0.10354616787182876,93.67841650117194,0.3250840902328491,-56.22439193725586,-0.8345756530761719,2.812570611441819
385000,172.90865686774077,0.05821479985995344,0.10306657438373265,93.67607746881329,0.4048123359680176,-62.64427947998047,-1.3521040678024292,3.04300077855456
386000,169.44500633885158,0.05845714210133141,0.1026392975147402,93.66955636187342,0.4105113744735718,-63.956459045410156,-2.7471795082092285,3.941287994005921
387000,172.71423007331342,0.05871328512014573,0.10219152254420996,93.66594072141781,0.398785263299942,-63.023963928222656,-5.988336563110352,3.8744392312920812
388000,169.4875924971205,0.05895706323905242,0.101768976783526,93.64954771264908,0.40144962072372437,-62.07181167602539,1.2135281562805176,2.735405370980827
389000,175.57243951449746,0.05922852857080142,0.10130253350507663,93.64370167408238,0.4073910415172577,-62.943115234375,-0.4152078628540039,3.1729701537993336
390000,173.97295751317773,0.05949528168813007,0.10084833334266005,93.63586217927156,0.4185044467449188,-63.86426544189453,-2.894298791885376,3.289430200176239
391000,184.584590166099,0.05980289226554707,0.10032959565496884,93.64198487696193,0.4385410249233246,-65.2150650024414,-1.1796855926513672,3.203075914233028
392000,183.63878061959022,0.0601158202139578,0.09980733821222836,93.64460938291603,0.44065356254577637,-65.25699615478516,-0.21867752075195312,3.0940728772838657
393000,168.47984452169945,0.060347888175466165,0.09942352883260032,93.6268990753951,0.3761298954486847,-60.40047073364258,-2.0899834632873535,2.979624544266146
394000,194.32918510757165,0.060694821847727794,0.09885522054999853,93.63853618448161,0.40842050313949585,-63.64055633544922,0.12357330322265625,3.798242072121755
395000,189.63394538462066,0.0610103828521814,0.09834391655166401,93.64133034574851,0.4390612542629242,-65.5754623413086,-0.39417266845703125,3.5271282146684015
396000,190.52729427410594,0.06132656226014313,0.0978368879466683,93.64455871381469,0.3952753245830536,-61.505130767822266,-0.8588051795959473,2.6299271992265787
397000,140.42936760869352,0.06152443458339921,0.09752222902376655,93.59289970443571,0.4286641478538513,-64.24227142333984,3.202381134033203,2.964706565844421
398000,185.99311263180965,0.061809875170889914,0.09707186729323425,93.59407102760764,0.49591630697250366,-69.39252471923828,0.080078125,3.482337567146663
399000,192.3617608376202,0.06212519533860703,0.09657917318887471,93.60412173606782,0.43021324276924133,-64.16338348388672,-1.3035283088684082,2.7678420089710425
400000,41.94104943409543,0.06213591913078752,0.09656250497189604,93.49773715114183,0.011424646712839603,-10.507926940917969,-5.326231479644775,0.5143142537346679
401000,90.41593975986277,0.062260027545249626,0.09637001839806918,93.41160797097994,0.002312410157173872,-4.877052307128906,-3.996260404586792,0.3851196887135045
402000,112.918727279818,0.06236911080195349,0.09620146772738776,93.33796114200628,0.16126328706741333,-39.12245178222656,1.1207380294799805,1.6401665959297385
403000,179.97289659181365,0.06261357417526056,0.09582586649989833,93.32464444292073,0.41093483567237854,-62.754051208496094,0.8171234130859375,2.929032170468378
404000,187.82000383596045,0.06291279277190669,0.0953701105235192,93.31291367679457,0.07726675271987915,-26.376914978027344,-1.7551827430725098,0.4388184963091436
405000,165.1620535561658,0.06308543174923129,0.09510912160909657,93.27695721323992,0.3649863302707672,-59.11104202270508,2.810429096221924,2.7586071543684176
406000,119.0559317882528,0.06324218431971143,0.09487338339972406,93.21160081987846,0.007712004706263542,-8.654061317443848,-2.1641669273376465,0.4684023038584808
407000,136.2244849962507,0.0634120877305712,0.09461918405041532,93.15650929693693,0.021986111998558044,-14.606714248657227,-3.812729835510254,0.7937319298819858
408000,198.14216430403155,0.06373520331392107,0.09413949729551545,93.15956350181239,0.44276511669158936,-64.88929748535156,0.7832279205322266,2.9003658811196917
409000,187.19340793283817,0.06399879924568244,0.09375175895045841,93.1469420526672,0.4005637764930725,-62.084861755371094,-0.9485950469970703,3.1320597113771393
410000,48.16330734200721,0.06401902889301637,0.09372213393031521,93.0435370921682,0.010952161625027657,-10.053438186645508,-1.6837859153747559,0.31619207086329243
411000,144.25351351138534,0.06420385556027078,0.09345233160285141,92.99263198421365,0.007584707345813513,-8.4399995803833,-1.205909252166748,0.34125091732153034
412000,186.44063642692117,0.06445975235531767,0.09308133805613393,92.97723742029613,0.4076809287071228,-62.335723876953125,-0.5584726333618164,2.9698547397970887
413000,129.82856797469515,0.06460185676674021,0.09287658745884617,92.91592686093959,0.007088201120495796,-8.470574378967285,-2.45786190032959,0.6478473528119943
414000,182.75501180872482,0.06482469915402676,0.09255731346695026,92.89728856885304,0.26773801445961,-51.28798294067383,1.493049144744873,3.2197617805177776
415000,46.8127758282359,0.06482250263805237,0.09256044977933105,92.79468150343493,0.004643846768885851,-6.429419994354248,-1.1436266899108887,0.10585460079779942
416000,146.184330827244,0.06492494684237989,0.09241439988493742,92.74237579838015,0.26382842659950256,-50.27051544189453,-0.1724090576171875,2.6341043736966063
417000,166.8513043367475,0.06507656875634188,0.09219908355133252,92.70806800155678,0.24328657984733582,-47.98473358154297,1.5099563598632812,2.257325701362302
418000,21.896764006956122,0.06503967393730015,0.09225138498978559,92.60031339568681,0.005358885042369366,-7.697739601135254,-5.0637006759643555,0.9189886706112397
419000,156.59170015941314,0.06514737222433913,0.09209887974205035,92.55933546063538,0.25113335251808167,-48.46709442138672,4.813684463500977,2.0826448314328574
420000,162.83698738037384,0.06527393078553095,0.09192031072426236,92.52750151140333,0.2666965126991272,-50.445518493652344,-1.0633728504180908,2.6618470604752567
421000,183.8333019430435,0.06548703733332246,0.0916211855708268,92.51481009689596,0.39385777711868286,-61.272972106933594,-1.6956501007080078,3.2124482094564324
422000,178.91965817595857,0.0656780897301525,0.09135466674886294,92.49469012065656,0.3303847014904022,-55.860721588134766,-0.858762264251709,2.695599838591599
423000,41.58124733494245,0.06566345631006415,0.09137502557994938,92.3921953072604,0.0028888622764497995,-5.047539710998535,-0.8933620452880859,0.08163097974035474
424000,64.15898197363151,0.06569557065275168,0.09133035820199072,92.29890141696454,0.007070118561387062,-8.227755546569824,-4.617869853973389,0.46689459566714636
425000,196.18336436259156,0.06596042265630235,0.09096363786605778,92.2997451172321,0.28315815329551697,-52.102455139160156,-2.1600842475891113,2.9873550687536268
426000,146.86605295936008,0.06615803001673805,0.09069193865781666,92.25385500901672,0.45006081461906433,-64.74609375,-1.122756004333496,2.856151221024526
427000,90.19151833539547,0.06623581103597903,0.09058543869479946,92.17238586553141,0.012700371444225311,-11.138801574707031,-0.529261589050293,0.7513496299062611
428000,60.318993133429124,0.06624668565953752,0.09057056878038972,92.07814028627811,0.00554137397557497,-7.251579761505127,-3.064460277557373,0.3972457522127823
429000,65.88773373821924,0.06627341760954102,0.09053403636658408,91.9864599217557,0.37463241815567017,-59.686405181884766,-4.17813777923584,3.384047534982028
430000,121.25314486776557,0.06635526277192398,0.09042236816427318,91.92162656310812,0.0066771237179636955,-7.471219062805176,0.4427461624145508,-0.0400341565011676
431000,152.52956745379578,0.06647964480967129,0.09025318978730668,91.87636825179557,0.33339595794677734,-56.18321990966797,-2.0499353408813477,3.1333933929675055
432000,180.5368502077472,0.06667097869399187,0.08999417913960661,91.85579943313464,0.41945523023605347,-63.270931243896484,-4.760293483734131,3.7801903624771773
433000,163.53102431987162,0.06685116496820889,0.08975161469292724,91.81954835932213,0.377511203289032,-59.495849609375,2.6379477977752686,3.080136790936056
434000,20.785061158081554,0.06681905554347949,0.08979474419682228,91.71730479147347,0.0076144300401210785,-8.260464668273926,-1.3145899772644043,0.25714844360879224
435000,163.89937871658873,0.06697382650712662,0.08958723598332173,91.67937018146493,0.3846609592437744,-59.71846008300781,-0.7075791358947754,2.8579665445222324
436000,167.78628804367864,0.06715573630840971,0.08934456428927037,91.64736528902199,0.007852230221033096,-8.384907722473145,-2.952369451522827,0.26377816226725914
437000,64.34911629987236,0.06718452908324422,0.08930627455266923,91.55681803023158,0.016322482377290726,-11.760087966918945,-0.703615665435791,0.06283729379696781
438000,57.86908058061567,0.06719992751507914,0.08928581059337672,91.4638441267085,0.005413173697888851,-7.144969940185547,-4.654530048370361,0.41558348829997666
439000,55.548619948883854,0.06717937873588754,0.08931312127176269,91.37016559661875,0.044321510940790176,-21.28364372253418,-2.456409454345703,2.047782550491968
440000,52.19335915722231,0.06712932588539536,0.08937971476494982,91.2760391666063,0.03908263146877289,-18.558502197265625,-2.866361379623413,0.5138437202152011
441000,28.427564978106098,0.06708614709100243,0.08943724241401126,91.17830117123876,0.034082185477018356,-17.70337677001953,-3.125138282775879,0.8706216872342875
442000,37.04425840910669,0.06704911469735597,0.08948664016046443,91.08252844192364,0.014583425596356392,-11.999783515930176,-5.083771705627441,1.0004886073042796
443000,62.23166848634726,0.06704811220125698,0.08948797815499891,90.99268570825063,0.00534391961991787,-7.0018696784973145,-2.54313063621521,0.3501118100745742
444000,52.33339832492867,0.0670484239946483,0.089487562011583,90.899962606002,0.008207176811993122,-8.774364471435547,-3.6475319862365723,0.5394216653492618
445000,27.788205675678633,0.06701815408803026,0.0895279806143098,90.8019677327886,0.023793432861566544,-14.565814018249512,-3.803610324859619,0.559500975750868
446000,168.45058939746013,0.06714475927588444,0.08935917061445102,90.77132222444713,0.36518990993499756,-57.87556457519531,0.5582935810089111,3.021597169973985
447000,103.19595332668906,0.06719454532333147,0.08929296226544545,90.69988680145705,0.004814465530216694,-6.785294055938721,-5.5095038414001465,0.49195991861147004
448000,150.3636047704956,0.06731646689815263,0.08913123751841852,90.6585683910064,0.4069998264312744,-60.64704513549805,3.7743959426879883,2.8100182201955635
449000,175.6553886456825,0.06746571245628293,0.0889340641572256,90.63792257202809,0.39031362533569336,-60.44176483154297,-1.2290520668029785,3.8156406181316873
450000,142.82402609651635,0.06757060380922837,0.08879600982906354,90.59118856272279,0.0031522633507847786,-5.349430561065674,-2.9639430046081543,0.2631863121699698
451000,54.791520488601805,0.06756650908396279,0.08880139112328546,90.50075082497814,0.0028884161729365587,-4.517961025238037,3.895321846008301,-0.34590999879846146
452000,92.58670524574119,0.06760494279837848,0.08875090713254641,90.4262322541394,0.004306863993406296,-6.365772247314453,-4.860762596130371,0.4313970897625217
453000,157.5078600136574,0.06772548433309977,0.08859294339616253,90.38971327918514,0.0064970385283231735,-7.821821689605713,-3.366042375564575,0.5360303825921273
454000,198.4309356930254,0.06795913801750217,0.08828834760168328,90.3902190274512,0.43117091059684753,-61.85194396972656,0.8708152770996094,2.4984642138468676
455000,171.93133407949475,0.06810284789862114,0.08810204250094922,90.36688727281397,0.03392352536320686,-17.57234001159668,1.8138656616210938,0.9282589647192219
456000,118.90226907192921,0.06819357513469737,0.08798482830895249,90.30686006556118,0.004629041068255901,-6.309127330780029,-1.8743524551391602,0.16491457895588257
457000,28.555342754404432,0.06815858573212433,0.08802999556917296,90.21187705929204,0.007258402183651924,-7.835964202880859,1.1706528663635254,0.15024990626526605
458000,40.790189248461694,0.06814483793287061,0.08804775507589573,90.1199489739213,0.03252650797367096,-17.62929344177246,-1.3813109397888184,1.376064243724771
459000,80.07795166499405,0.0681606400752184,0.08802734236912571,90.03987592404953,0.11355555057525635,-31.959882736206055,0.9654512405395508,1.6182400262827492
460000,49.393439549591314,0.06813664244332983,0.08805834547820993,89.94967522840554,0.00517157232388854,-6.982538223266602,-0.5382566452026367,0.5139287057389692
461000,72.52115670853041,0.0681012590741986,0.08810409795012453,89.8672697237017,0.05107708275318146,-21.1658935546875,-4.272705078125,0.8556764097545171
462000,87.22962642107782,0.06807429743490058,0.08813899263136425,89.79067441553528,0.17216570675373077,-39.406246185302734,1.791499137878418,2.149531295429357
463000,104.34402080561573,0.06804794834838483,0.08817312124212506,89.72101206780287,0.1357361525297165,-34.90575408935547,0.42795848846435547,1.8503933778255417
464000,147.9548032232627,0.06810904015363381,0.08809403254642524,89.67792092188441,0.23590059578418732,-45.55548858642578,0.8739819526672363,1.999282166352749
465000,50.28671634087845,0.06809604098398418,0.0881108492255984,89.59068701859825,0.005101257935166359,-6.786239147186279,-4.396674156188965,0.38739469367005097
466000,60.09791845898485,0.0680846541640635,0.08812558532708133,89.50523891261398,0.012535303831100464,-11.000707626342773,-1.8922052383422852,0.9795963041395563
467000,106.40315892202447,0.06813677628310999,0.08805817250686841,89.44066797893151,0.3661263585090637,-57.19351577758789,-2.4589626789093018,3.0744200157311723
468000,119.77735155953272,0.06819271101751233,0.08798594322579668,89.38253746748748,0.0959899052977562,-29.156246185302734,0.5795919895172119,1.4635357121049748
469000,134.0490354477331,0.06822431678819145,0.08794518263374541,89.3307433338746,0.054638274013996124,-21.43852996826172,1.7983522415161133,0.5576207265132367
470000,121.21039706815347,0.06821340718370858,0.08795924800884278,89.27138843884553,0.11790284514427185,-32.213809967041016,0.7178177833557129,1.560707256499414
471000,161.67104905072833,0.06830481126059314,0.08784154277374542,89.23784054953255,0.33843353390693665,-54.96333312988281,-3.8568034172058105,3.049184010169796
472000,142.66496650970137,0.06840610148357427,0.08771147412107273,89.19142831254457,0.06977809965610504,-25.28188133239746,0.7941222190856934,1.7214805479873028
473000,154.09533300900432,0.06849420300435981,0.08759865414622149,89.15227555329479,0.3793068826198578,-57.86798858642578,-1.33725106716156,2.9609804258392383
474000,165.92427481578486,0.06861818862214178,0.08744037288772025,89.12110470492883,0.3704785704612732,-56.990150451660156,2.726141929626465,2.7448559981116305
475000,188.18047329660573,0.06879473662157577,0.08721597457382006,89.10881797025819,0.3926549255847931,-58.847930908203125,0.7731397151947021,3.0103976008909035
476000,183.63789564834244,0.06895256740129378,0.08701633929134044,89.09327391793956,0.3100557327270508,-51.85871124267578,1.7199554443359375,2.249216062878923
477000,181.91408220550335,0.06909615878351734,0.08683550729351514,89.07734977945013,0.33875980973243713,-54.29160690307617,1.7328877449035645,2.4458499402266076
478000,171.95308889611272,0.06920477733118023,0.08669921689491078,89.05268945871546,0.3010384440422058,-51.423458099365234,-2.166191816329956,2.562946410049025
479000,180.87900774900893,0.06934374066455114,0.08652547356833361,89.03457237408308,0.3406589925289154,-54.78169250488281,-0.835517168045044,2.815777051032207
480000,183.13099056266844,0.06950658888418852,0.08632275150197868,89.01792832402745,0.31806549429893494,-52.8634147644043,-1.7283930778503418,2.6597084771451738
481000,177.20949894942677,0.06966711125919361,0.08612385229634752,88.99554414382389,0.360050231218338,-55.95835876464844,2.6088500022888184,2.557306936545443
482000,72.52981706053386,0.06968624275076499,0.08610020806343638,88.91716454320509,0.3265896439552307,-52.940406799316406,1.3018159866333008,2.1260091064405517
483000,171.85432566210855,0.06979614010891713,0.08596463917112004,88.89075253161971,0.3208805322647095,-52.5029411315918,3.1945877075195312,2.1495987481519965
484000,183.37330625948144,0.06993840247627116,0.08578977768380815,88.87214114865341,0.38892433047294617,-58.33222961425781,3.428658962249756,2.9081884085914815
485000,177.1756487714703,0.07005509846448445,0.08564687127007317,88.8483819718435,0.33149951696395874,-53.79413986206055,2.5851778984069824,2.6388025841197242
486000,193.04929617034912,0.07022586382210738,0.08543860728005992,88.83802210123531,0.34061112999916077,-54.50908279418945,-1.0121371746063232,2.661525499125967
487000,174.348832988743,0.07035729604836166,0.08527900213612197,88.8084198816137,0.30930212140083313,-52.27798843383789,-2.6701059341430664,2.8872409031047517
488000,132.85083158435393,0.07041815076977201,0.08520530480297113,88.75297567107566,0.37241700291633606,-57.09541702270508,3.0220212936401367,2.9330454943315374
489000,188.99159719107033,0.07057079967858235,0.0850210005742779,88.73906937617392,0.4004856050014496,-58.74251937866211,1.7918801307678223,2.58494887801709
490000,189.45146050027637,0.07074007961723404,0.08481754660816428,88.72562192053229,0.4464983642101288,-62.296669006347656,2.2080886363983154,3.0097350309368167
491000,192.4197242533454,0.07090005221567083,0.08462617180800662,88.71560715623238,0.4226015508174896,-60.875553131103516,-0.4352908134460449,3.2034746855773917
492000,191.17487330866982,0.07106330514030125,0.08443176106366174,88.70226188211983,0.4268799126148224,-61.05131530761719,-1.4857335090637207,3.0967618411421034
493000,196.1914591747234,0.07124046685829488,0.08422179506395795,88.69202564825221,0.4033001661300659,-60.2861442565918,-4.233100414276123,3.961462780594668
494000,170.820492864119,0.07135504149223561,0.08408656031197012,88.66031389598086,0.3149231970310211,-52.13529968261719,0.4925689697265625,2.380890650397671
495000,74.49196877992645,0.07135370442233863,0.08408813597800519,88.58324694270505,0.006172209978103638,-7.01862096786499,-0.6361312866210938,0.059218650100861775
496000,21.77411586450824,0.07133342967178644,0.08411203593612016,88.49671261906467,0.007395598106086254,-7.849306106567383,-1.9767827987670898,0.23879599927423273
497000,103.13543265056494,0.07131108122229443,0.08413839612523197,88.42957386081152,0.15175732970237732,-36.27732467651367,-0.27335357666015625,1.8286654038477341
498000,137.69097317102236,0.0713291122385556,0.08411712709858757,88.37566591044492,0.10844409465789795,-30.47811508178711,3.050630807876587,1.3752579642967873
499000,122.59141701719753,0.07132375438517871,0.08412344599244509,88.31528242781287,0.12440477311611176,-32.365665435791016,2.7423460483551025,1.2159280528972878
500000,137.74067757210403,0.07133132097013169,0.08411452246219243,88.26101921188189,0.29222092032432556,-51.247100830078125,-3.4843616485595703,3.535437228498439
501000,175.1356273573925,0.07142193327804094,0.08400780719057814,88.23060648286821,0.29260653257369995,-50.72863006591797,2.32859468460083,3.00194826511213
502000,149.2650879574995,0.07145060194457953,0.08397410010140831,88.18636372533933,0.2922600209712982,-49.95173263549805,-1.5251116752624512,2.2772323716592107
503000,152.75874915126423,0.07148482803923736,0.08393389429022136,88.14590056094328,0.22673633694648743,-43.85471725463867,2.2212142944335938,1.8824288571114998
504000,130.1963304237344,0.0714914518400256,0.08392611767664238,88.09198361929913,0.2802993655204773,-49.18229293823242,0.25018310546875,2.543481050428779
505000,176.66118531389083,0.07158793348072841,0.08381300741996149,88.06910929313597,0.3834286332130432,-57.295597076416016,-1.1134886741638184,2.7617827987065673
506000,179.95549138056867,0.07169816731047461,0.08368414737880533,88.04830539998792,0.3238281011581421,-52.90127182006836,1.8979828357696533,2.796598883631371
507000,183.36072235161882,0.07181606797577286,0.0835467628501201,88.02812848726086,0.29144567251205444,-49.95270919799805,2.611301898956299,2.4300996003684396
508000,177.45350292622288,0.07191849104995589,0.08342777931522911,88.00093852059348,0.3380691111087799,-54.354164123535156,-4.472872257232666,3.1871530982511964
509000,182.8490870257339,0.07202544606321395,0.08330389227626625,87.9789688883487,0.1320262849330902,-33.686214447021484,-3.0526480674743652,1.718684832882362
510000,190.52700109333816,0.07215576031191896,0.08315344435514038,87.9636042155037,0.341364324092865,-54.48968505859375,0.9052467346191406,3.0957237570701426
511000,164.75975754928024,0.07224836524990678,0.08304686174207576,87.92691947514776,0.3659309148788452,-56.049591064453125,-0.44327640533447266,2.8606416081021
512000,132.48538817412089,0.07226024767802475,0.08303320557015854,87.87215317284823,0.3425011932849884,-53.7376823425293,2.4456310272216797,2.3117335395484115
513000,103.42675561456119,0.07229142247967564,0.08299739850446115,87.80895289328674,0.39258241653442383,-58.51721954345703,-5.847369194030762,3.499293490934997
514000,208.83733953431326,0.07248177674414773,0.08277942773366752,87.81098880816769,0.434701532125473,-60.85227966308594,-0.05527830123901367,2.9568233367274943
515000,182.57569935814124,0.0726091098013469,0.08263425920542962,87.78922565386709,0.07335361838340759,-24.72138786315918,6.090176582336426,0.9446669823541968
516000,205.27874037182988,0.0727863153138549,0.08243307789559032,87.78524540596325,0.36719250679016113,-56.2950553894043,-2.564141273498535,3.100347455930848
517000,136.62034025303205,0.07289286945521378,0.0823125779632872,87.73789437998978,0.02671387791633606,-14.49406623840332,-1.8691086769104004,0.1538511536900439
518000,108.48007146583276,0.07295236000981317,0.08224545441974614,87.67744968198902,0.007270227652043104,-7.730762481689453,-3.0991287231445312,0.2548892501403096
519000,26.982066324656238,0.07292252202003616,0.0822791071097547,87.59612461323921,0.00753611046820879,-7.972137451171875,-2.014491558074951,0.3678500747782858
520000,201.41141957452547,0.07308637054850513,0.08209464986386195,87.58761267819995,0.45795032382011414,-62.49240493774414,-1.3091082572937012,3.2200920562351576
521000,202.55661350257813,0.07325172741424114,0.08190933117617534,87.5808564681936,0.4200837016105652,-60.08251953125,-4.948182582855225,3.317981604251403
522000,166.304272950554,0.07332907513808214,0.08182293297306306,87.5463007127736,0.36434048414230347,-55.33458709716797,3.376737594604492,2.491093658490016
523000,34.57460687508625,0.07331089434373593,0.08184322471729158,87.46755043198083,0.007143059279769659,-7.917430877685547,-3.776108741760254,0.5249682125267827
524000,89.2881351323469,0.07329409251503523,0.08186198633633654,87.4000239696394,0.009354875423014164,-8.761104583740234,-1.1789703369140625,0.30772147157389834
525000,62.214226938579365,0.07328967701792312,0.08186691829099874,87.3267745243181,0.008272276259958744,-8.220820426940918,-2.001284122467041,0.2782709180941686
526000,45.83380123077917,0.07326689003758269,0.08189237999486895,87.24978944837008,0.004321582615375519,-5.9729766845703125,-2.8975257873535156,0.23728528282288594
527000,86.20703161529099,0.07327117293345484,0.08188759316640425,87.18287146630712,0.006874314043670893,-7.598464488983154,-4.518429279327393,0.37000329857673064
528000,194.6150757524745,0.07340450517013641,0.08173885221476863,87.1707818663187,0.4181748330593109,-59.00349044799805,1.071828842163086,2.633250947162832
529000,51.78241234642966,0.07341828895707386,0.08172350629838397,87.09643838207633,0.005304455291479826,-6.459367275238037,-1.4192590713500977,0.1159868276565183
530000,195.2250593089554,0.0735583689050969,0.08156787717439799,87.08460671730207,0.04293641820549965,-19.460447311401367,1.1870875358581543,1.4155540822831114
531000,175.345073226354,0.07363442357632725,0.08148362828943148,87.0598440178581,0.21236108243465424,-41.935638427734375,2.535494327545166,1.8161538183667223
532000,176.36552605077796,0.0737101468732408,0.08139991920404376,87.03656550566906,0.2558048367500305,-46.175506591796875,2.266531467437744,2.1548891629941704
533000,161.78178981742974,0.07375197610790851,0.0813537523553435,87.00462264558482,0.0442265048623085,-19.682968139648438,-2.6050186157226562,1.3858115758949117
534000,128.32659987844704,0.0737748377877522,0.0813285420872331,86.95518318451732,0.010498049668967724,-9.249690055847168,-4.183803558349609,0.3402626437799518
535000,61.09814461419372,0.07377064640103062,0.0813331628868061,86.88337866165344,0.007184374146163464,-7.818751335144043,-3.022390365600586,0.4544564960082732
536000,134.96336702645377,0.07380348341660167,0.08129697572852414,86.837060143681,0.3261559009552002,-52.2987174987793,1.0803213119506836,2.70601949715092
537000,95.55857984358245,0.07379915305780586,0.0813017460417233,86.77445717380526,0.02649245783686638,-13.632166862487793,6.047607421875,-0.49168104277332225
538000,77.09292688286006,0.07379107564314846,0.08131064559914845,86.70687521134761,0.0042437282390892506,-5.932673454284668,-3.4958369731903076,0.28424876119947695
539000,51.696025137382236,0.07379036720938038,0.08131142623230188,86.6335636487545,0.008192945271730423,-8.202186584472656,-0.7030448913574219,0.36055980201444254
540000,47.82335808106519,0.07378140148079305,0.08132130699037933,86.56003594708379,0.006308482028543949,-6.992119312286377,-1.4388093948364258,0.11700586049813488
541000,153.42031072646665,0.07381953922908834,0.08127929356724731,86.52526843009683,0.26103344559669495,-46.5515251159668,-2.9214842319488525,2.344524557349322
542000,115.76592882313032,0.07382603263833516,0.08127214460234207,86.47118635057284,0.1621759831905365,-36.59892272949219,0.39792585372924805,1.7760431057481483
543000,78.28761414721237,0.07381240327031936,0.08128715140227191,86.40428775949076,0.014085017144680023,-11.185769081115723,-1.4829010963439941,0.9312808892600897
544000,165.02836602328517,0.07386613398188425,0.08122802259383856,86.37376070303235,0.2773645520210266,-47.71097183227539,-0.25960683822631836,2.2218688667679176
545000,170.80048971260433,0.07392420688188779,0.08116421200955845,86.34845226969661,0.1854700744152069,-40.06059265136719,-5.847935199737549,2.873565589712227
546000,142.30934196566534,0.07396272771484505,0.0811219405418946,86.30764475077746,0.33428820967674255,-53.01305389404297,-1.27801513671875,3.1119914274911853
547000,46.924014036270435,0.0739596058163563,0.08112536476868416,86.23503209654342,0.007192681077867746,-7.383352756500244,1.3805522918701172,0.06978767717026761
548000,81.95944225056277,0.0739732831829693,0.08111036501055785,86.17045693350666,0.004586435854434967,-6.081119060516357,-3.0252320766448975,0.24537767797831556
549000,188.32587359664078,0.07407602559391199,0.08099786606927675,86.1555676840549,0.33696475625038147,-52.15413284301758,1.5021908283233643,2.141972266719927
550000,187.5670508770759,0.07417551197914683,0.08088922934144084,86.14026811420814,0.40599170327186584,-57.854209899902344,-2.308962821960449,2.967802162728225
551000,181.16177025533247,0.07425783385142182,0.08079955593648276,86.11866616666742,0.2515079975128174,-45.28016662597656,0.8725647926330566,2.091160724851149
552000,184.58890400608098,0.07435239925483167,0.08069679069045105,86.09783212242085,0.3416460454463959,-52.86811828613281,-1.1101446151733398,2.5435080190023873
553000,196.8161124636098,0.0744775238300251,0.080561217551934,86.08763571201925,0.16086962819099426,-35.60280227661133,5.910967826843262,1.0742975439133664
554000,167.88828574422564,0.0745844081751074,0.08044576804730219,86.06086809021399,0.005358461756259203,-6.374028205871582,-0.9228882789611816,0.07424245642288514
555000,53.49334991149577,0.07458111731080984,0.08044931768715076,85.99017218542203,0.004343624692410231,-6.0706658363342285,-5.014111518859863,0.40338185049955916
556000,44.78918881976294,0.07457835951458415,0.08045229258263145,85.91791114858604,0.004713610280305147,-6.214405059814453,-3.9234189987182617,0.3156480532091365
557000,199.02191266162524,0.07470680516864829,0.0803139685394816,85.91063134082874,0.2878832519054413,-48.473167419433594,-1.1285381317138672,2.378028764447389
558000,129.28929666848018,0.07477473961667205,0.08024100158367142,85.86351301942786,0.18782107532024384,-39.134220123291016,1.4325981140136719,1.9224068385325317
559000,195.5835981076592,0.07489154294156869,0.0801158550663227,85.85147640581826,0.42368370294570923,-59.215492248535156,-6.377608299255371,3.3339156286452494
560000,200.63159060382137,0.0750213429981914,0.07997724061197688,85.84279954173185,0.44883835315704346,-60.749874114990234,1.2375361919403076,3.2391536383028026
561000,73.69402785656305,0.0750374546622141,0.07996006830201509,85.77718052145714,0.006846683565527201,-7.160453796386719,-0.7859902381896973,0.06284783313036531
562000,199.48858665877825,0.07518198278131114,0.0798063549009177,85.7702900708986,0.4421418011188507,-60.338600158691406,-6.030385971069336,3.3067250360754707
563000,64.82996606968149,0.07519443553502551,0.07979313837930474,85.70306336844317,0.003699288470670581,-5.523322105407715,-3.8939402103424072,0.3107097100445907
564000,173.48088967642616,0.07529867266354522,0.0796826794917039,85.67840504221746,0.3984009623527527,-56.884788513183594,-0.4555644989013672,2.8054248859084763
565000,52.533735342750816,0.07529403964876681,0.0796875825495474,85.60865014171995,0.0023210663348436356,-4.34712553024292,-2.79490327835083,0.22271908571158242
566000,57.708500633283684,0.0752782800746403,0.07970426521502418,85.53958040443847,0.01052764430642128,-8.790531158447266,1.046135425567627,0.013801911907634759
567000,40.97036106794229,0.07525965292678244,0.07972399242708701,85.46824160970876,0.006956175900995731,-7.556701183319092,-0.833681583404541,0.4283340191403994
568000,41.69169851194335,0.07524281093645253,0.07974183746361352,85.39760927729367,0.004655608907341957,-6.194020748138428,-4.60447883605957,0.3671696029497106
569000,48.919458116698415,0.0752273047222611,0.07975827423502643,85.32816734786884,0.009220389649271965,-8.757735252380371,1.5152583122253418,0.5642803817807449
570000,165.89514262196857,0.07530877448713037,0.07967199095804366,85.30131401015926,0.008459962904453278,-8.713441848754883,-2.545808792114258,0.8675931918959967
571000,193.63005378489254,0.0754161295627042,0.07955857765163277,85.29049621406257,0.04373812675476074,-19.45841407775879,-3.962313652038574,1.6210489923763767
572000,207.84990943973352,0.07557443185954857,0.07939192994729634,85.28968081241602,0.4209141731262207,-58.242042541503906,-3.3457443714141846,2.9078904730950192
573000,83.96201431738571,0.07560510367305119,0.07935972187732943,85.2294838020356,0.011105704121291637,-9.615191459655762,-0.2205219268798828,0.6334007026029181
574000,180.54802301182036,0.07571932223552827,0.07924001196599116,85.21061297670094,0.0943588837981224,-26.935590744018555,4.636898040771484,0.7606889167007285
575000,211.43479754357304,0.07587088292078034,0.07908172106372911,85.21030572468634,0.48894402384757996,-62.680145263671875,1.0803771018981934,3.097236189033891
576000,109.98051439490068,0.07590032777737502,0.07905104201392564,85.15810898305445,0.015551620163023472,-11.129013061523438,1.1533098220825195,0.5092744729362413
577000,43.34561235549383,0.07588509456099635,0.07906691076436898,85.08945363000201,0.011860779486596584,-9.989943504333496,-1.3589553833007812,0.723088559326013
578000,195.19639577461783,0.07599157296053477,0.07895612324166551,85.07849883439742,0.37005481123924255,-54.512847900390625,-2.5689120292663574,2.757785719279322
579000,201.66804862844452,0.07611028411059549,0.07883297336377602,85.07089486793518,0.4264480769634247,-58.95180130004883,-2.0936501026153564,3.397963697034752
580000,135.10358148628558,0.07616576557440452,0.07877554902456463,85.0287293370964,0.3188723623752594,-50.11621856689453,2.901759147644043,2.1015289894925178
581000,115.52952263983774,0.07620423542787642,0.07873578110600829,84.97941267394545,0.35184618830680847,-53.471954345703125,-4.175502300262451,3.065034949143615
582000,62.72528229799573,0.0762260265923459,0.07871327246385003,84.9151647633225,0.00584801472723484,-6.9462809562683105,-2.6116719245910645,0.4526221707641873
583000,53.58335727916024,0.07622705884025663,0.07871220654825149,84.84922639978858,0.004237339831888676,-5.782060623168945,-3.2880892753601074,0.25881276219123533
584000,65.38038131355944,0.07623985460615254,0.07869899583354927,84.78582076227403,0.013146278448402882,-10.447443008422852,1.5828981399536133,0.7261368747121557
585000,87.48222750805868,0.07626514247633635,0.07867290095028259,84.72808888446063,0.012958977371454239,-10.200688362121582,-2.4781928062438965,0.5554547842562574
586000,221.99692606409465,0.07644114071621787,0.07849176430103993,84.73604447988232,0.4392845034599304,-59.0510368347168,-0.2629481554031372,2.8892226135179744
587000,142.72298141854222,0.0765258068156188,0.07840492311902564,84.69868163535227,0.009258635342121124,-8.805133819580078,-1.7386474609375,0.6552732504886201
588000,43.77889576150608,0.07650974655324215,0.07842138120042885,84.63143986430862,0.009251738898456097,-8.093192100524902,0.6014156341552734,-0.047163844705988354
589000,221.5578891378273,0.07667867781817099,0.07824861057500063,84.63707786252125,0.4172622859477997,-57.719757080078125,-2.985006809234619,3.0477224762271886
590000,58.11722437021028,0.07669051650703848,0.07823653136368346,84.57276002941423,0.012683620676398277,-10.105829238891602,-0.4947795867919922,0.5811114417965517
591000,105.547202132227,0.07674958028966629,0.07817632327570985,84.52132770732021,0.007149980403482914,-7.773238182067871,-5.472123622894287,0.6263216430089962
592000,50.67705115478741,0.07675350912759626,0.07817232160715289,84.45651473056817,0.008126466535031796,-7.875951766967773,-3.357424736022949,0.26245768623619636
593000,214.26837277811234,0.07692519852144496,0.07799784875858773,84.45623159533874,0.47746145725250244,-61.42552947998047,-0.9811986684799194,3.067469702298565
594000,29.703549241168673,0.07691453348017947,0.07800866401336456,84.38863221274144,0.008369903080165386,-8.045631408691406,-4.168176174163818,0.32515385471885666
595000,27.542217932234024,0.07690563999341125,0.07801768505553089,84.32089514730795,0.006712258327752352,-7.327430725097656,-5.372588157653809,0.41915689081690977
596000,41.63838489288353,0.07689620596106121,0.0780272566768546,84.25488839041574,0.012854272499680519,-9.426739692687988,1.6122617721557617,-0.1258003631262781
597000,192.08302024690067,0.07698325324183632,0.0779390289099827,84.23863129481964,0.39188143610954285,-55.72450256347656,-1.245861291885376,2.990750485994497
598000,203.86267088411918,0.0770959080049941,0.0778251421542546,84.22780274215624,0.3756716549396515,-54.45214080810547,-0.3348212242126465,2.82718235292568
599000,29.2829291902033,0.0770772510015575,0.07784398018915799,84.1604990660023,0.010562083683907986,-9.123137474060059,-2.858177661895752,0.47379423230416473
600000,205.7853887343387,0.07719832513055708,0.07772189344591164,84.15345936650448,0.3413349986076355,-51.59416580200195,0.2682363986968994,2.428446598197401
601000,209.9264716015027,0.0773328912002022,0.07758665047795746,84.14895680667853,0.4428730905056,-59.089481353759766,0.8485381603240967,3.089435340050577
602000,113.59519546443498,0.07739128258213195,0.07752811169181058,84.10057955175584,0.008615508675575256,-8.296727180480957,-1.6695537567138672,0.4905314689164817
603000,237.1604254677451,0.07760134432231625,0.07731824818754521,84.11498685211058,0.5132821798324585,-63.65125274658203,-2.0289511680603027,3.388143091430786
604000,29.27014387022807,0.07758021411060038,0.07733930704865345,84.04833448430895,0.012750625610351562,-10.641780853271484,-3.523292064666748,1.1511555646570928
605000,163.28702753521964,0.0776068792795192,0.07731273381564031,84.01694873479988,0.15134204924106598,-34.6811637878418,-1.2872133255004883,1.9962952700286638
606000,30.151338293619332,0.07758300231870253,0.07733652759856667,83.95060151945904,0.006571380887180567,-7.326867580413818,-6.743144512176514,0.5214913816670623
607000,197.42206972695337,0.07767863913105129,0.07724131198896812,83.93869612704448,0.32813504338264465,-50.804298400878906,-2.2787463665008545,2.7216292612844417
608000,200.08958950232812,0.07778600472554356,0.07713469821685938,83.92814141407685,0.37895718216896057,-54.63505172729492,-2.7507569789886475,2.96931064505855
609000,188.55252994608298,0.07790693060044207,0.07701497098854969,83.91299275325785,0.007944012060761452,-7.517983436584473,-0.12795448303222656,0.038886638206229326
610000,224.8584769565561,0.07807617565596137,0.07684802629727525,83.91862570332046,0.4023072123527527,-56.03854751586914,-0.8612933158874512,2.8108979198985784
611000,201.13810510467093,0.07817266729343099,0.07675316971695799,83.90864328589302,0.35501205921173096,-53.188812255859375,-4.387331485748291,3.193613673384215
612000,195.54861699136188,0.07827778456738356,0.07665009981005586,83.8953292760534,0.0038663919549435377,-5.464893817901611,-3.2388148307800293,0.2482554800455784
613000,186.46041972064214,0.07836721772276907,0.07656262624029257,83.87622924456787,0.38382941484451294,-54.55987548828125,0.10822474956512451,2.595221296766747
614000,219.18241713517918,0.07851062791920352,0.07642277433030711,83.87756734767807,0.4678163230419159,-60.92020034790039,-0.6008942127227783,3.5503787687067003
615000,75.74062737808083,0.07852427092587703,0.0764094964430004,83.81977541639549,0.005842579063028097,-6.615010738372803,-2.723458766937256,0.20809811296495048
616000,56.08453637689963,0.07852520475833773,0.07640858777083197,83.75815815427042,0.008906073868274689,-8.500958442687988,-4.718052864074707,0.596534747001956
617000,221.19305023233784,0.07867385885472926,0.07626421389954902,83.75964304467541,0.49612149596214294,-61.91041564941406,6.159167289733887,2.9135611976106235
618000,230.525324169831,0.07885033386124356,0.07609352689055784,83.76907426339558,0.4754553437232971,-61.41055679321289,-1.0387399196624756,3.649040318976954
619000,142.53974370297018,0.07894521412240917,0.07600207392808701,83.7326193801524,0.006513465661555529,-7.116449356079102,-2.355046272277832,0.3587206172819103
620000,237.50473914390238,0.07913766002293562,0.0758172531037825,83.74563618715175,0.5171616673469543,-63.7410774230957,-3.303574800491333,3.5162814350009217
621000,240.0992524787803,0.07933820020068279,0.07562561269127913,83.75943017525385,0.539148211479187,-64.9796371459961,-2.010429620742798,3.4778470213552066
622000,91.442453599171,0.07937504847995998,0.07559050501260274,83.70516926629489,0.009147003293037415,-8.60356330871582,-2.6792256832122803,0.5980029722955122
623000,228.78449075073334,0.07955106004222456,0.07542325641940266,83.7092320421032,0.489181786775589,-61.27255630493164,2.4429025650024414,2.7250374328335694
624000,30.16517746859725,0.07953548362387225,0.07543802748939499,83.64497443819779,0.009525958448648453,-8.897360801696777,-4.385540962219238,0.7335261743744789
625000,235.26150205128954,0.07971736771212867,0.07526590719436317,83.65552429389945,0.39518892765045166,-55.48249435424805,1.2911372184753418,2.893241762541429
626000,242.66882178669024,0.0799192229337254,0.07507580504099269,83.67064740775004,0.502963125705719,-62.8104362487793,-3.9216384887695312,3.471303637037123
627000,64.48701382517109,0.07992859505344851,0.07506700194076701,83.61206718431582,0.005824331659823656,-6.540346145629883,-2.1220741271972656,0.15929774262476862
628000,29.225186243291333,0.07991477931401694,0.07507997959205537,83.5481816308516,0.007434360682964325,-7.685489177703857,-0.723846435546875,0.4817363903648291
629000,239.27822809609316,0.08010934536119185,0.07489762864679005,83.55979226316244,0.49767768383026123,-62.017059326171875,-3.721236228942871,3.068736606403444
630000,220.9058785815085,0.08028003327586015,0.07473838456671608,83.56054740666835,0.007061383221298456,-7.413634300231934,-1.9177227020263672,0.3918712775110196
631000,237.03638971827488,0.08045881688649292,0.07457231204958538,83.56971040711436,0.49948516488075256,-62.12910079956055,0.005594968795776367,3.066819005209221
632000,102.47415732352081,0.0805106808403673,0.0745242735171562,83.5189620840107,0.0044713253155350685,-5.643913269042969,-0.7939653396606445,0.05916969013601169
633000,236.06666899205305,0.08068283622428174,0.07436525884292454,83.52684637119924,0.5255601406097412,-63.816410064697266,-1.1495170593261719,3.2631826285698615
634000,71.58706690852011,0.08070525041472867,0.0743446054521504,83.46853569918758,0.009609762579202652,-8.90766716003418,0.21881675720214844,0.7252972638530314
635000,233.56611545740597,0.0808692708041032,0.07419381849669861,83.4750187724308,0.4387223720550537,-58.13405990600586,0.10043811798095703,2.843443067343557
636000,170.05478296804245,0.08097513309557709,0.07409682171090773,83.4490994473903,0.004959286656230688,-6.071572780609131,-2.6303939819335938,0.19490383390877813
637000,245.88221984121512,0.08117507364024934,0.07391431545342014,83.46339723593677,0.5423040390014648,-64.60057067871094,-0.9684963226318359,3.137047195921197
638000,181.57854255042398,0.0812983835710546,0.07380220536311173,83.44299853869461,0.016718920320272446,-11.797648429870605,1.952895164489746,1.0083291683996476
639000,199.590954665931,0.08143880968296707,0.07367494715796294,83.42866732772951,0.4481205940246582,-59.15213394165039,3.857879400253296,3.3034757564066903
640000,38.51957021936873,0.08141829012109743,0.07369351519266623,83.36651872181325,0.007094293367117643,-7.421965599060059,-1.1275687217712402,0.4002018165015212
641000,239.64584242762962,0.0815965326387504,0.07353253632189985,83.37401089128619,0.5304177403450012,-64.11803436279297,0.8502273559570312,3.3969249955517604
642000,59.95949773036485,0.08159033895086017,0.07353811832567152,83.31487340910243,0.007612843532115221,-7.516867637634277,-0.9634923934936523,0.24751097192003613
643000,178.09997265180795,0.08169435356786249,0.0734444883637628,83.29117166542862,0.0070232972502708435,-7.554755687713623,-3.8590245246887207,0.5745296541021612
644000,50.865722241414,0.08168633764599766,0.07345169550876515,83.23104511392069,0.00681802025064826,-6.934374809265137,1.3566646575927734,0.061878659423908175
645000,31.85917835894064,0.08166368628831905,0.0734720690762918,83.168808388109,0.009024562314152718,-8.215518951416016,-4.2829060554504395,0.3146739695533231
646000,177.4724208600243,0.08174445006826737,0.07339947843540706,83.14445465189043,0.013795105740427971,-9.958429336547852,-2.6280813217163086,0.19289979829981227
647000,236.1855084008189,0.08190689598238393,0.0732539052791165,83.15044132828508,0.5178195834159851,-63.329708099365234,-0.7269322872161865,3.494914858761623
648000,33.785555279524466,0.0818850867280338,0.07327341570667065,83.08859181355348,0.006799984723329544,-7.648379325866699,-4.252636909484863,0.796726258528702
649000,231.0327386244793,0.08203266764192074,0.07314159312958696,83.09059647241959,0.4122839570045471,-56.33506774902344,1.2807538509368896,2.983145066888028
650000,221.15574305748814,0.0821814027125282,0.07300921865483474,83.08607422167935,0.47661635279655457,-60.24043273925781,0.2117307186126709,2.8799584101840403
651000,246.12457124438984,0.0823704694897973,0.0728416389655662,83.09665529198642,0.2943405508995056,-46.90676498413086,-0.6408991813659668,1.8242031940732677
652000,187.9688499424607,0.0824446897697657,0.0727760637677884,83.07445918830766,0.029389290139079094,-16.241708755493164,-3.8052942752838135,2.0000018549184917
653000,236.4287611764523,0.08260196095020728,0.07263750074428402,83.07761653822175,0.46839678287506104,-60.109317779541016,0.23396778106689453,3.2513996720300615
654000,219.63886159268753,0.08273610344757329,0.07251973141087036,83.07063422543528,0.27714839577674866,-46.46167755126953,-2.5356502532958984,2.7292433557239555
655000,111.6711667517856,0.0827770727666314,0.07248383881507205,83.02370156031793,0.013924921862781048,-9.934030532836914,-1.888822078704834,0.1369090751031905
656000,249.0842831077611,0.08296881729321012,0.07231632552741016,83.03251064412446,0.4103314280509949,-56.110416412353516,-1.1090412139892578,2.9221858728621437
657000,213.49684811664852,0.08314442166013661,0.07216359053558352,83.02310353882298,0.5085496306419373,-62.4660758972168,-0.3303561210632324,3.2600930404430817
658000,258.7607241402579,0.08336751026017024,0.07197048324071839,83.0390558561949,0.5460489988327026,-64.35477447509766,3.0712671279907227,2.9929602654557836
659000,238.38400516317895,0.08352215272172978,0.07183722886058938,83.04150403684669,0.5357895493507385,-64.0386962890625,-0.9303226470947266,3.254267949615775
660000,249.99530122002523,0.08371159333622549,0.07167466011429446,83.05250686603735,0.5548498630523682,-65.58573913574219,-1.4354333877563477,3.721386214099189
661000,251.6606734306461,0.08390513856644101,0.07150932711050645,83.06300381635917,0.5060307383537292,-62.64691925048828,-3.624429941177368,3.5593543628382127
662000,251.33577775188,0.08409353199444132,0.07134912588041381,83.0725908520331,0.5002896785736084,-61.81512451171875,3.4434585571289062,3.0569201847834075
663000,236.70656426233128,0.08423748768309715,0.07122719545687428,83.07310415286894,0.41631844639778137,-56.206634521484375,0.4641711711883545,2.605592290838789
664000,212.19865187311063,0.08435953791471536,0.07112414491963905,83.06120175658664,0.4336274564266205,-57.47726058959961,-0.8384653329849243,2.7811285110996278
665000,166.98804208613694,0.08445552943687476,0.07104330574926566,83.03128448855959,0.4803330600261688,-60.23367691040039,6.896406173706055,2.6879581375089376
666000,240.05842207240394,0.0846102896899456,0.07091336079792422,83.03420716099684,0.473734587430954,-60.33750915527344,-2.4967188835144043,3.1864094878994766
667000,207.5158002484241,0.08476310941902652,0.07078551083277271,83.02097820966915,0.55254727602005,-64.91155242919922,-0.03929448127746582,3.19912927615528
668000,204.03737499024572,0.08488725200932404,0.07068199120571082,83.00547882004167,0.030738607048988342,-15.966221809387207,-5.2378973960876465,1.4133457219067371
669000,253.17423843796334,0.08507494792829269,0.07052604963164048,83.01441978211666,0.494765967130661,-61.767330169677734,0.9450242519378662,3.3753183827293674
670000,253.61624124021517,0.08526081158801328,0.07037230690451853,83.02347937251567,0.5049043297767639,-62.42026901245117,1.4950742721557617,3.426596077010855
671000,245.19848090157134,0.08541714694526922,0.07024350747566506,83.02739105549307,0.4533621370792389,-59.158748626708984,4.1530070304870605,3.254605586915028
672000,27.811376034764507,0.08540282120820235,0.07025529034190432,82.96783640811566,0.006716080009937286,-6.951035022735596,-2.1589927673339844,0.15168066371512057
673000,254.67078696964901,0.08558324366840211,0.07010718153249008,82.97845856341856,0.5183401107788086,-62.77568054199219,0.310880184173584,3.034635954770246
674000,237.30167568263758,0.08572252606090708,0.06999327103049803,82.97948701222793,0.44307833909988403,-57.918182373046875,-1.4441728591918945,2.6836080019717685
675000,251.26145979404637,0.08589335652133868,0.06985406372504964,82.98824059625815,0.4926413595676422,-61.91398239135742,-4.039811134338379,3.6658526457248994
676000,235.09717316615968,0.08604895939101194,0.06972774618616384,82.9864661759157,0.4295096695423126,-57.314292907714844,-1.7161173820495605,2.927466592255321
677000,174.11087981789413,0.08611975758994148,0.06967042369730012,82.95914153934547,0.006742170080542564,-6.9557390213012695,-0.7825336456298828,0.14390403528025314
678000,41.646837540420854,0.08611371268587227,0.06967531433567321,82.9011364807727,0.005581431090831757,-6.3282246589660645,-1.9341917037963867,0.13476541494746458
679000,247.57208562874416,0.08627150857465284,0.06954787390564816,82.90685045744735,0.4829598665237427,-60.459651947021484,3.192415714263916,2.843273453209401
680000,229.8861438717101,0.08639033385366897,0.06945221452857231,82.9024489039099,0.36183011531829834,-52.244483947753906,1.2418808937072754,2.3767400426582843
681000,214.8797052010472,0.08647304881972012,0.06938578067842688,82.88896766753905,0.30912989377975464,-48.6472282409668,-1.058596134185791,2.5614170943823122
682000,26.99451332074626,0.08646019646525331,0.06939609491185096,82.82999221959392,0.009277346543967724,-8.820055961608887,-4.024471759796143,0.8419550931504242
683000,220.40831340755315,0.08654888212401599,0.06932498551977359,82.81810029085754,0.3128558397293091,-48.82070541381836,1.074770450592041,2.4976273952427968
684000,198.92958449110526,0.0865957901094198,0.06928743293892906,82.79738128052657,0.2548605501651764,-42.930824279785156,7.639538288116455,1.131630703055594
685000,187.35848333338717,0.08662427418480746,0.06926464962002886,82.77248390632019,0.29838964343070984,-47.74874496459961,0.30202817916870117,2.53423155928081
686000,198.79396971897253,0.08667227847762128,0.06922628671345239,82.7516979107161,0.3355555236339569,-50.80870819091797,-1.7961969375610352,2.872999682688789
687000,190.91693431524757,0.08673335020550003,0.06917754226931178,82.72833390494607,0.005001766607165337,-6.144721031188965,-3.6517486572265625,0.29391117842856285
688000,230.3248372860591,0.08684836617286353,0.0690859283185312,82.72232025150723,0.4282584488391876,-56.9483528137207,-0.44600939750671387,2.813662153405411
689000,230.10847563948653,0.08695919698361913,0.06899787725880502,82.71493899271258,0.3107408583164215,-48.43122100830078,-1.408407211303711,2.3224963367805107
690000,51.92688524256927,0.08694882902181186,0.0690061047112532,82.65887795623786,0.004987499210983515,-6.247959136962891,-1.8655705451965332,0.41040542356042004
691000,206.17139961857305,0.08701148933793744,0.06895641076429627,82.6403866311077,0.3889565169811249,-54.79072952270508,1.8216619491577148,3.250912133978945
692000,213.73451453712826,0.08708448131055396,0.06889861327419822,82.62566542012765,0.3368385434150696,-51.10226058959961,-0.9996113777160645,3.1481471015711815
693000,41.66042910081961,0.08708158473444988,0.0689009050340166,82.56896062521416,0.0041391910053789616,-5.402174472808838,-1.3058233261108398,0.08997240898356666
694000,74.45208144899799,0.08708682420331744,0.06889675969802375,82.51647197889922,0.006857906933873892,-6.9006547927856445,-0.31578826904296875,0.06726119038275556
695000,31.276245527118558,0.08706842034708337,0.06891132256772348,82.45907014425147,0.005836055614054203,-6.561843395233154,0.06552314758300781,0.2624588882760374
696000,221.20105356248308,0.08715446522336763,0.06884328857532013,82.44745184473314,0.3402499258518219,-51.23633575439453,-3.990294933319092,3.1439593981767864
697000,112.44720696125883,0.08717756460388802,0.06882504721555856,82.40138241457582,0.010714361444115639,-9.395892143249512,-0.35334300994873047,0.8665090188421347
698000,199.03089119921216,0.08723030847632281,0.06878343209835833,82.37985218318553,0.32878729701042175,-50.10918426513672,-1.483619213104248,2.872594604177898
699000,72.65704384260903,0.08721593246583755,0.06879476983577741,82.32661692360976,0.0041695027612149715,-5.247928619384766,1.909651279449463,-0.06803975079965356
700000,166.25280900853718,0.08722757454927274,0.06878558794055137,82.29240997720588,0.19617900252342224,-39.1700439453125,0.6507096290588379,2.7210080119130593
701000,165.1320601064226,0.08723628383187162,0.06877872069337175,82.25822137900329,0.22990944981575012,-41.23747634887695,-0.15035200119018555,1.7955848553188116
702000,75.00817501044638,0.0872273543678216,0.06878576157083834,82.20533325450361,0.01049018930643797,-9.326345443725586,-4.834031105041504,0.9067421641303439
703000,129.91026874642768,0.08722650702419794,0.06878642977570465,82.16254825909819,0.2776462137699127,-45.95582962036133,-2.120424747467041,2.6626168835492026
704000,153.31462243492467,0.08722051177083033,0.06879115793042864,82.12608661736436,0.19461259245872498,-38.35198211669922,-3.0416064262390137,2.122125378482804
705000,181.4487813813012,0.08723073255031506,0.0687830977062949,82.09813830811643,0.18169771134853363,-36.51177978515625,7.305954933166504,1.516617312676193
706000,168.37383172673466,0.08723037673864872,0.06878337827173009,82.06772736555614,0.19707340002059937,-38.56843948364258,-1.8717849254608154,2.136155993448496
707000,166.99193841775258,0.08725226658781773,0.06876612189737347,82.03630866891376,0.26440945267677307,-44.3331298828125,1.0723352432250977,2.1494380588785593
708000,26.622940902814147,0.087239282811776,0.06877635632270569,81.97972359003676,0.005119672976434231,-6.044285297393799,1.5745267868041992,0.17848173118071928
709000,153.1785876865462,0.0872547434384584,0.06876416987268844,81.9441727050566,0.00259469379670918,-4.205820560455322,-0.4615297317504883,0.031736708875386904
710000,207.1022678428388,0.08730255614414931,0.0687265100244387,81.92912212053356,0.3415204882621765,-50.374488830566406,1.673879623413086,2.495309952867782
711000,226.91302693896796,0.0873919495490462,0.06865620953601309,81.92275919078851,0.3620535731315613,-51.84300994873047,1.7954039573669434,2.5493567123962135
712000,233.53322178064377,0.08749537660969595,0.06857505199120545,81.9193000034127,0.44586944580078125,-57.776214599609375,-1.0160186290740967,3.07587201141744
713000,245.50809579935003,0.08764762488198616,0.06845593372414538,81.92309645390384,0.0016021449118852615,-3.6049678325653076,-4.75997257232666,0.3258483669399436
714000,249.8487181253749,0.08778997141393892,0.06834493625370228,81.9275648115926,0.08174136281013489,-25.637298583984375,-0.3609628677368164,2.2138405325542734
715000,246.75427325547346,0.0879229321655117,0.06824158216999883,81.92937479360664,0.5008248686790466,-60.77698516845703,1.2385101318359375,2.7963987344824575
716000,30.924523863869478,0.08790728093359408,0.06825373207177744,81.87350211764242,0.005167962517589331,-6.315672874450684,0.19444847106933594,0.42990582310318437
717000,62.3447809126695,0.08791136774072655,0.06825055910511549,81.8206751482247,0.0033502306323498487,-5.052456855773926,-3.4138011932373047,0.31657964784151643
718000,175.17515095648008,0.08800546974188991,0.06817758052536191,81.7936787735703,0.456225723028183,-58.61788558959961,-2.9148964881896973,3.370769309738622
719000,179.93432096874062,0.08805985571102713,0.06813547389504365,81.76659743866733,0.3099046051502228,-47.599544525146484,0.9900712966918945,2.080836631448473
720000,218.909075425777,0.08813456009518596,0.06807772108376052,81.75516207349581,0.4054822623729706,-54.99696731567383,0.6372630596160889,2.937327680883116
721000,247.05212291699942,0.08826326808500984,0.06797844822855599,81.75682093181595,0.3007699251174927,-47.13775634765625,2.992562770843506,2.3002800348157635
722000,212.1768458576995,0.0883194336026074,0.06793521827819858,81.74159679741332,0.2762135863304138,-45.00865173339844,1.841113567352295,2.0485165801157965
723000,235.86447476646256,0.08842392392562928,0.06785493940583795,81.73821601155296,0.42327332496643066,-55.93555450439453,2.782106399536133,2.757113783756194
724000,230.06129946255854,0.08851594260874084,0.06778439932025881,81.73220120927392,0.42817991971969604,-56.217994689941406,-1.0069379806518555,2.736154387004111
725000,176.30907330653676,0.08857511079367981,0.06773911933314933,81.70454501622007,0.1188632994890213,-29.465795516967773,3.166944980621338,1.2968809244963513
726000,227.15169750634638,0.08865766047142273,0.06767604703413076,81.69628524872041,0.3411649465560913,-50.24393081665039,0.5830349922180176,2.5256771867901824
727000,246.58631006051328,0.08878208189444015,0.06758120413456695,81.69672663448807,0.4420526325702667,-57.33234786987305,-0.9773133993148804,3.01461464666992
728000,33.895782739455186,0.08876379933713639,0.06759512374195728,81.64209539984311,0.00214713835157454,-3.790915012359619,-0.11608409881591797,0.007846719023935573
729000,223.47400163860016,0.08885581272895678,0.06752512655871179,81.63082514525337,0.3851334750652313,-53.45671844482422,-1.1133267879486084,2.7973396852737995
730000,239.76064444827097,0.08896772922153648,0.06744018367670754,81.62743543216608,0.41138818860054016,-54.86224365234375,7.348398208618164,2.506778366317042
731000,47.376664536439364,0.088941808390341,0.06745983816370878,81.57371139266391,0.008090862073004246,-7.674796104431152,1.36173677444458,0.33730463396359744
732000,237.86999003734374,0.08904980912465461,0.06737802201912661,81.56994942368608,0.36631104350090027,-52.09502029418945,0.5779213905334473,2.725926706513673
733000,246.05051579374626,0.08917609044766978,0.06728260871136657,81.57095211115845,0.39711910486221313,-54.120121002197266,-0.12612390518188477,2.716239641968462
734000,193.10257242616956,0.08925080259778292,0.06722628621099981,81.54993435635832,0.0067825582809746265,-7.220376491546631,-1.1899299621582031,0.5042266959232463
735000,254.62416316906535,0.08939337880478762,0.06711906497127122,81.55492430842773,0.3562528192996979,-51.21247100830078,-1.7045021057128906,2.534854418129209
736000,184.76673944096615,0.08947796333509908,0.06705561656035604,81.53120853784998,0.0028681503608822823,-4.342428207397461,1.414346694946289,-0.02398501512957253
737000,215.52379478141094,0.08958498249919708,0.06697551121421245,81.51813469933191,0.47288477420806885,-58.88733673095703,1.5363178253173828,2.830070587487602
738000,263.0974919481647,0.08974416845409347,0.0668567117324081,81.52798800028042,0.46088361740112305,-58.46739196777344,-6.651519775390625,3.119343768479113
739000,248.651601835462,0.08987682828999694,0.06675803000791679,81.52885181587266,0.38172808289527893,-53.654457092285156,-4.466259002685547,3.282549992131337
740000,96.54217306573902,0.0898983782705366,0.06674202711359085,81.48271441694429,0.0036103816237300634,-5.027771472930908,-0.4442896842956543,0.13176471194878814
741000,129.42767604885498,0.08992999687729407,0.06671856119584618,81.44307424337293,0.005191148724406958,-6.244076728820801,-1.0737481117248535,0.37613317079033837
742000,212.56870579820585,0.08997803388948258,0.06668294183188785,81.42694140609602,0.3394356071949005,-50.10746383666992,-1.4053971767425537,2.667233590527565
743000,224.98172845412253,0.0900486315443262,0.06663066275523039,81.41721802281769,0.2907131314277649,-46.64583206176758,1.588780403137207,2.7474414458486054
744000,223.04197954975965,0.09012945143602162,0.06657091443920636,81.40727006005702,0.23716303706169128,-41.938411712646484,-5.75333309173584,2.2935703794011575
745000,222.4991372986237,0.09019152647804457,0.06652509647301054,81.39627383671517,0.29098841547966003,-46.00342559814453,1.5316381454467773,2.0955554697648564
746000,234.1272382701035,0.09027766294341409,0.06646162300148145,81.39179188546719,0.46274054050445557,-58.104251861572266,5.08857536315918,2.737459848265001
747000,233.94655183154072,0.09036667287560135,0.0663961592152407,81.38624359744745,0.40162593126296997,-54.34075927734375,-2.035813808441162,2.7630679649501753
748000,40.95853856168541,0.09034403374639942,0.06641279729486425,81.33366281581267,0.009433274157345295,-8.010017395019531,3.367079734802246,0.11048194301793338
749000,76.29383308025605,0.09033873996516086,0.06641668903411649,81.28460748091837,0.003163339104503393,-4.648402214050293,-1.154313564300537,0.0766656850480114
750000,227.66449980174573,0.09041391484525435,0.06636146670862719,81.27668589648924,0.07556246966123581,-23.99703025817871,4.6620707511901855,1.6551825936091678
751000,236.87283480089263,0.09050476047079686,0.06629485530693181,81.27315509092652,0.3585345447063446,-51.12864685058594,0.015016555786132812,2.464108352920703
752000,258.192058731365,0.09064648320921175,0.06619120552257965,81.27789073118203,0.4911964237689972,-60.148216247558594,-0.07191598415374756,3.1842766826628677
753000,262.18630040726276,0.09079277760343643,0.06608455163919233,81.2836265724221,0.531433641910553,-62.47896957397461,1.5078706741333008,3.223614200295866
754000,260.62251243142936,0.09093233588646497,0.06598312846039055,81.28811528062676,0.5018578767776489,-60.70194625854492,0.754885196685791,3.1158779681342823
755000,40.295366380208215,0.09090690410597532,0.06600158765725275,81.2357083129619,0.006415561307221651,-6.9599199295043945,0.7358722686767578,0.45316711075874205
756000,206.00590963320565,0.09094521074801681,0.06597378741167895,81.21647255546203,0.3507690131664276,-50.61156463623047,3.25148344039917,2.510495746653716
757000,220.58259847662796,0.09101373960228729,0.0659241124056528,81.20358446574551,0.3411296606063843,-49.663299560546875,4.205164909362793,2.235286871250303
758000,211.52617377184814,0.09107299055036827,0.06588122300301182,81.18656976081839,0.35629528760910034,-51.080875396728516,2.013608455657959,2.6202283183263813
759000,246.7926488537316,0.0911843548991542,0.06580076161788642,81.18384903718348,0.4891337752342224,-59.19389343261719,7.131738662719727,2.415454304897154
760000,94.48812107188611,0.09118418028487411,0.06580088762387325,81.13797495818098,0.004931959789246321,-5.771361351013184,0.46080875396728516,0.07321052306449137
761000,206.06511345775888,0.09122225593929202,0.0657734227050137,81.1186218319136,0.324889600276947,-48.5181884765625,6.2523698806762695,2.2813150623445733
762000,248.4142970836095,0.09133187617095566,0.06569447876849871,81.11726674360443,0.47615742683410645,-59.09907913208008,-0.30779123306274414,3.1247870633394523
763000,257.44877520610277,0.09145827395323501,0.06560368724067497,81.12015294944105,0.43559351563453674,-56.29987335205078,0.23352861404418945,2.760970679696093
764000,255.85269566076613,0.09159335192124674,0.06550693772140674,81.12280065752512,0.4490327835083008,-57.21009826660156,0.5903902053833008,2.849781644255592
765000,213.7490265368981,0.09169355331390623,0.06543535268460407,81.10841541893225,0.5311293601989746,-62.14988327026367,4.1797332763671875,3.0391865052455196
766000,265.6223607416083,0.09183576095570196,0.06533402606522931,81.11511323442595,0.5414170026779175,-63.20433044433594,-1.8393592834472656,3.518981488368304
767000,277.12746188382897,0.09200707475310892,0.06521237650583235,81.12858437731683,0.46536287665367126,-57.89909744262695,1.4801661968231201,2.555195071163886
768000,264.79433738844085,0.09215366681028375,0.06510864090033626,81.13490461011537,0.513593316078186,-61.03371047973633,3.2745418548583984,2.888037690732529
769000,270.6855861187388,0.09230532634152636,0.06500166607721225,81.1439750456571,0.4814123213291168,-59.58277893066406,-3.7185218334198,3.281936857331159
770000,191.06984042702655,0.09239923340179562,0.06493560367442833,81.12166788166387,0.002208301331847906,-3.756561040878296,0.8555269241333008,-0.05555415727832273
771000,86.22736483992871,0.09239411476040278,0.06493920111209736,81.07465516169022,0.007630317471921444,-7.088162899017334,0.7740316390991211,0.006154775840427493
772000,35.31586454311779,0.09237785844169615,0.06495062887593213,81.02346062687256,0.010379811748862267,-8.999683380126953,2.5167665481567383,0.7449024983687642
773000,205.48301517754382,0.09247585891962143,0.06488179801838993,81.00612400183488,0.0077509223483502865,-7.277667045593262,-2.2493600845336914,0.14594252667534346
774000,208.68304457225244,0.09258013407612997,0.06480872014147349,80.99056083892363,0.00480852322652936,-6.105580806732178,-2.396470069885254,0.489410589953281
775000,114.74081403375229,0.0926033327900308,0.06479248445198432,80.94949796209772,0.08578730374574661,-24.804861068725586,-1.0116331577301025,1.0951816250479474
776000,174.35478822663376,0.09268837582583493,0.06473303633321005,80.92255469525622,0.0031204193364828825,-4.7402024269104,-2.4567928314208984,0.2198111603743741
777000,36.42607035302893,0.09267120664781364,0.06474502941137171,80.87211598564626,0.0041601890698075294,-5.495902061462402,-4.319849967956543,0.2796888132280595
778000,253.10112735076444,0.09277982669122814,0.06466923052107047,80.87120944519381,0.520099401473999,-61.80084991455078,-1.260256290435791,3.478215793596697
779000,260.2065221259602,0.09290295416092269,0.06458352217311676,80.87424385415116,0.5130724906921387,-61.3082275390625,-2.3580222129821777,3.378753639017509
780000,119.86342139605412,0.09295524646174154,0.06454719048557928,80.83538629521817,0.006339766085147858,-6.854090213775635,-2.4593544006347656,0.4177624309809985
781000,284.31361821474394,0.09313323928270675,0.06442383026952331,80.8501601588259,0.5755343437194824,-64.60371398925781,-2.7239606380462646,3.267564486033764
782000,263.64944906188066,0.09326108576662957,0.06433551519026925,80.85542945263522,0.4934234917163849,-60.02488708496094,-1.314178466796875,3.22870880728699
783000,250.0873303637452,0.09336187502342579,0.06426606147846235,80.85335026184308,0.3967062532901764,-53.28684997558594,1.198007583618164,2.361675213105168
784000,245.74709424269645,0.0934585993699194,0.06419954975198527,80.84812599788047,0.3224852979183197,-48.182682037353516,-3.4817442893981934,2.270815583411471
785000,242.8715131984961,0.09354756914504309,0.06413849183720803,80.84061833675523,0.4157278537750244,-54.76079177856445,1.6844995021820068,2.6372130644795093
786000,261.22113161389484,0.09367200948905102,0.06405328585057544,80.84268050384304,0.42881736159324646,-55.32405471801758,1.5309629440307617,2.384916399337979
787000,280.8466007033596,0.09383641699442909,0.06394106032795573,80.85392531737591,0.546761691570282,-63.14356994628906,-3.1794915199279785,3.3574783492591367
788000,232.10710073974968,0.09394651282013815,0.06386612786242615,80.8447905927572,0.005359933245927095,-6.317295551300049,-1.2437238693237305,0.3985215625586264
789000,125.20839878181931,0.09399327282301342,0.06383435558518985,80.80680294383,0.002242128364741802,-4.032477378845215,-3.230003833770752,0.20618521326644862
790000,168.06209421134295,0.09405877888476354,0.06378989894554045,80.77865706528266,0.002800162648782134,-4.6916728019714355,-6.539338111877441,0.41714371732738326
791000,27.985609707575975,0.09405084244508916,0.06379528182858174,80.72891410135908,0.003813311690464616,-5.187910556793213,-3.1779332160949707,0.2027371451531898
792000,274.21851804186934,0.0941959716607522,0.06369699143408238,80.73666628848866,0.4109196960926056,-54.46297836303711,-0.8096513748168945,2.7083420643259197
793000,68.74542770171082,0.09420741074850897,0.06368925705873901,80.69042442334944,0.0018144510686397552,-3.7677767276763916,-5.191730499267578,0.3306574583475482
794000,38.077539326562444,0.09420627689844993,0.06369002361135369,80.64159875899148,0.0016889055259525776,-3.42753005027771,-1.7814226150512695,0.1134588484144148
795000,48.096382525736416,0.0942116800086471,0.06368637094094169,80.59378725423541,0.00973961129784584,-8.837953567504883,1.4352741241455078,0.884195999165893
796000,233.6931229620636,0.09427722693357692,0.06364209253022794,80.5827411067354,0.3327975273132324,-48.63120651245117,4.409764766693115,2.1441485960552775
797000,233.19979883954545,0.09434813478617252,0.06359426197028908,80.57257486746394,0.3172215521335602,-47.89322280883789,-0.7168779373168945,2.5127894220104237
798000,280.2550912604846,0.0945169686971143,0.06348066471775439,80.58341779404194,0.5414339900016785,-62.676666259765625,-4.408931732177734,3.3816165472852417
799000,30.90393051178551,0.09450901547076294,0.06348600681229341,80.53460882681279,0.007458498701453209,-7.309121131896973,2.0771989822387695,0.35394325689509837
800000,40.56046066602633,0.09449670213861151,0.06349427931568408,80.48635072549868,0.008653385564684868,-8.522406578063965,-5.400821685791016,1.03527845295827
801000,251.62745335086737,0.09459506866207112,0.0634282535534092,80.48389920780365,0.3668554723262787,-51.39419174194336,-2.3988592624664307,2.6462245906179334
802000,96.7914692430083,0.09461755349180637,0.06341318052066929,80.44143459659745,0.5157678127288818,-61.24590301513672,-0.9148602485656738,3.4752979279213094
803000,201.29350979894312,0.09472367327765646,0.06334213816236461,80.42286213289745,0.5356944799423218,-62.21268844604492,-0.4027128219604492,3.3502689853164114
804000,265.91286614183,0.09486128334518512,0.06325025119222723,80.42674956452392,0.41196689009666443,-53.840328216552734,9.069793701171875,2.2186986253644245
805000,35.53904361189764,0.09485260139757166,0.06325604054707146,80.37854650750873,0.009145884774625301,-7.86761474609375,-2.4113383293151855,0.18068330946058572
806000,120.42828130534555,0.09489559601044838,0.06322738095600745,80.34014407608281,0.10830167680978775,-27.91597557067871,0.038819313049316406,1.476661901476487
807000,169.83882297649058,0.09494476467111584,0.06319463764836024,80.31143865968221,0.5086514949798584,-60.506309509277344,3.044394016265869,3.228344148319895
808000,269.8419064236732,0.09508214916877458,0.06310332751681667,80.31518551003882,0.5267231464385986,-61.31586456298828,2.8413338661193848,3.026564243646648
809000,53.64339134654877,0.09507284035179993,0.06310950611970864,80.26814468149719,0.002539420733228326,-4.417667388916016,-2.5454559326171875,0.37274172073840883
810000,271.2127112643688,0.09520618265301221,0.06302111725104616,80.27411528074714,0.5270203948020935,-61.615699768066406,-0.4049873352050781,3.3397677707157003
811000,279.07563410513353,0.09535583924119649,0.0629222085164956,80.28411024937633,0.5418497323989868,-62.111297607421875,-0.47086668014526367,3.013809243674576
812000,87.05246665235539,0.09537737933441609,0.06290799812146812,80.24131506902957,0.005374363157898188,-6.178088188171387,-0.1379871368408203,0.2955932188904229
813000,65.23642511362681,0.09539144735280371,0.06289872065583718,80.19612740894881,0.0028138880152255297,-4.489964962005615,-3.750059127807617,0.23587392152284373
814000,113.23473741780296,0.0954036045812682,0.06289070550671894,80.15703951574538,0.014926193282008171,-10.072245597839355,-4.440011501312256,0.2792354557754741
815000,258.67742233546295,0.0955100003155009,0.06282064684514742,80.15695882349253,0.4831470251083374,-58.43051528930664,3.8786020278930664,2.7143930910917216
816000,208.60488123077354,0.09553525501518838,0.0628040402367284,80.13664784135618,0.1421906054019928,-31.592906951904297,6.770894527435303,1.374844568589213
817000,249.1850160925044,0.0956239036018202,0.06274581745777831,80.13263663280641,0.40845614671707153,-53.901973724365234,-0.6788172721862793,2.6887499358225075
818000,281.145970934549,0.09577427279138621,0.06264730417811777,80.14355884841262,0.5252252221107483,-61.280033111572266,-1.1637039184570312,3.198052998976446
819000,283.8382015212274,0.09592461236135745,0.06254911906651663,80.15499925402253,0.5076682567596436,-60.02009201049805,3.418124198913574,2.9089803967184906
820000,247.0384455472621,0.09600737530194534,0.06249519873999124,80.14891259179625,0.31700044870376587,-48.09772491455078,-2.6282339096069336,2.97164670504619
821000,278.14113206031357,0.09614736915866062,0.062404203593952844,80.1564207257348,0.5238415002822876,-60.940765380859375,0.02368927001953125,2.926040738719355
822000,282.824444295729,0.09629507960261849,0.06230847956884441,80.16569291977811,0.5360584259033203,-62.04841613769531,-0.8446002006530762,3.3542918904435535
823000,38.51477825864607,0.09629470577668399,0.06230872145675937,80.11874999578565,0.002751885447651148,-4.4470086097717285,-3.9176816940307617,0.24410573742960792
824000,273.30072409237414,0.09642212772507062,0.06222638041246984,80.12264648662136,0.5075632929801941,-60.32658767700195,-0.04796600341796875,3.24442918946724
825000,40.80931656763568,0.09642345836651939,0.0622255216898894,80.07590657775475,0.004030053503811359,-5.150689125061035,1.4391684532165527,0.067253923207103
826000,83.44005323557033,0.09643225518076047,0.06221984530749708,80.03267338011615,0.4670604467391968,-57.283042907714844,7.489089012145996,2.587251530749556
827000,284.1744411617228,0.09658224350122604,0.06212322040255603,80.0422112054777,0.5338531732559204,-61.95268630981445,0.9131031036376953,3.4696362338849633
828000,114.17671295544818,0.09661443044442383,0.062102524150897113,80.00333461228153,0.0022707420866936445,-4.113816261291504,-4.854438781738281,0.3014729016819532
829000,58.83270121775258,0.09662666778661567,0.06209465913954548,79.95899050730436,0.00816023163497448,-7.243239879608154,-0.32570362091064453,0.02022445532096221
830000,29.156487483989103,0.09662413655749807,0.06209628581187458,79.91205940004855,0.012734170071780682,-9.51887035369873,0.9411563873291016,0.501131893070884
831000,127.22294335235087,0.09667059674478656,0.062066442145176676,79.87659252944572,0.002078457735478878,-3.674522876739502,-0.530726432800293,0.03294030143631538
832000,31.61839483759813,0.09666273407974384,0.062071490705509956,79.82986925137897,0.00896049290895462,-8.934294700622559,-4.603541374206543,1.3776089443369588
833000,243.6068123036664,0.09672877170605242,0.06202911392520633,79.82198552714239,0.3901396095752716,-52.58808135986328,-2.118060350418091,2.7303459119273183
834000,74.78436992665587,0.09674048827981581,0.06202160136555623,79.77883529353002,0.0015029460191726685,-3.158111095428467,-1.0521736145019531,0.06525749248599656
835000,31.89370376338932,0.09673444268870272,0.0620254775158871,79.73240802418854,0.07626566290855408,-23.408203125,1.3432412147521973,1.389111402326256
836000,184.7549170357417,0.09677825659318263,0.06199739705191857,79.70872746142842,0.006511415354907513,-7.17528772354126,-3.5661165714263916,0.7433242196796986
837000,28.804514236412274,0.09677145961410326,0.06200175159004808,79.66238622160895,0.004439804702997208,-5.5725579261779785,-4.266085624694824,0.26450478116420356
838000,129.3544232791882,0.09680633879235243,0.06197941245221426,79.6282476293444,0.006330213975161314,-6.4462361335754395,-1.7877249717712402,0.11080214337653278
839000,266.0250244813069,0.09691561242330493,0.061909529847403645,79.63015277887988,0.5352975130081177,-61.60622024536133,-3.0846309661865234,3.3455970064591827
840000,184.99621960817424,0.09698590140593544,0.06186466190469212,79.60704730824496,0.48544400930404663,-58.58021926879883,-1.2174177169799805,3.1149588582357435
841000,173.1423624477147,0.0970354600738654,0.061833065926957795,79.58004079261268,0.44615086913108826,-55.85817337036133,1.7646002769470215,2.7030632377928083
842000,263.42417107649425,0.09713794087324684,0.06176783186941617,79.58066982517592,0.47205495834350586,-57.54773712158203,0.29013586044311523,2.8708394694853023
843000,278.4784133878389,0.09726948167127004,0.06168430114881744,79.5877727430089,0.55539470911026,-62.385276794433594,3.271066188812256,3.072638822072193
844000,271.93471453217717,0.0973898635797056,0.06160805426213061,79.59243385497118,0.5360345840454102,-61.45870590209961,-2.628383159637451,3.1855979869266013
845000,276.82017609724045,0.09751873262598286,0.061526640455962636,79.59874700170388,0.5390931367874146,-61.49552917480469,0.9910731315612793,3.051770855215757
846000,275.623223794098,0.09763998266364571,0.061450236228216576,79.60502747991417,0.3110445439815521,-46.23776626586914,7.548891544342041,1.8409558227766678
847000,255.82920248659593,0.0977227020704424,0.06139822040199996,79.60221139412651,0.5152206420898438,-60.08073806762695,2.1825110912323,2.943172877184623
848000,211.46998359477215,0.09778733751996332,0.06135763742187068,79.58609909698572,0.0127955861389637,-9.049068450927734,-0.757565975189209,0.046482458428805364
849000,52.097722865491214,0.09778773169382723,0.061357390094556666,79.5422164809493,0.007013024762272835,-7.042703151702881,-4.259634494781494,0.3815354251784819
850000,247.0975098589696,0.09785642621123548,0.0613143176417279,79.53650390521128,0.41790953278541565,-54.13233184814453,1.829418659210205,2.7152260371568127
851000,233.0662502287196,0.09790623628830943,0.06128312380767552,79.52585001734126,0.3614099621772766,-50.24119567871094,-0.7358136177062988,2.43233918799799
852000,240.39763756461994,0.0979657349087866,0.061245904045801804,79.51768663718111,0.45208215713500977,-56.692649841308594,-1.601210594177246,3.227297677010593
853000,54.09047669093717,0.09796338193777508,0.06124737510400685,79.47362307859967,0.005894087255001068,-6.645443916320801,0.8926897048950195,0.5440187079625617
854000,213.4782386625546,0.09804457514641189,0.061196654593485486,79.45856683617798,0.5136544704437256,-59.63562774658203,-0.5673809051513672,2.6879217827618036
855000,137.05715001434658,0.09808896679791167,0.06116895911811909,79.42554069210776,0.4953886866569519,-58.74796676635742,6.919559001922607,2.8452167102177794
856000,276.43288825232383,0.09820525964038233,0.061096523974086415,79.43159852520904,0.4427465796470642,-55.65504837036133,-0.7487248778343201,2.8018938609403956
857000,174.621552528704,0.0982635795097703,0.06106026291667324,79.40693673259139,0.009963424876332283,-8.08065128326416,1.5868806838989258,0.15449267471558364
858000,103.37344330541985,0.09828619052311631,0.06104621583221131,79.3687649471626,0.004266137722879648,-5.4307332038879395,-4.041341304779053,0.2467085935431725
859000,256.72273439366325,0.0983664602636437,0.06099640043891671,79.3658346757523,0.3028494417667389,-45.83960723876953,0.9272160530090332,2.163193222745812
860000,258.9706024019466,0.09844716457874207,0.06094639724439148,79.36472956823606,0.3914501368999481,-52.346214294433594,1.3160638809204102,2.690894881728111
861000,120.64712863325656,0.0984641591468478,0.06093587811024417,79.32936520710672,0.004226498305797577,-5.267625331878662,-1.8101396560668945,0.11030244944461158
862000,251.33763919077515,0.09853152386252381,0.06089421704642978,79.32569182093377,0.3484085202217102,-49.05643844604492,0.8176336288452148,2.233544024397505
863000,231.08222849256,0.09857549521991239,0.060867054095082966,79.31508904244777,0.46912065148353577,-57.70217514038086,-2.4109866619110107,3.3773813265134693
864000,262.6853146825646,0.09866190508086442,0.060813745640552266,79.31506905040953,0.3479502499103546,-49.22328567504883,-2.1381969451904297,2.4374616193073964
865000,259.37111865016556,0.09874168529447912,0.06076461002368039,79.31397655855103,0.33368319272994995,-48.298004150390625,-1.057289958000183,2.4820326802978703
866000,253.86448808843124,0.09881091362876011,0.060722037471917754,79.31081922510594,0.342225044965744,-48.56659698486328,2.828792095184326,2.1697590138621883
867000,51.342908362388066,0.0987944996170759,0.060732126011628126,79.26712275623173,0.007699678651988506,-7.7932868003845215,-3.645120859146118,0.8377705469388215
868000,188.1774290599696,0.09881780489802731,0.06071780289181244,79.24452947951696,0.28153353929519653,-43.94552230834961,3.0148396492004395,1.8985885842985708
869000,230.9710969172707,0.09885175525380897,0.060696949534123794,79.23357229100282,0.37812867760658264,-51.78556442260742,-2.8284292221069336,3.063122923372804
870000,115.6776420155898,0.09886614708431622,0.06068811394948979,79.19816303759721,0.004946066066622734,-6.026344299316406,-2.325406312942505,0.4564739756619881
871000,242.61607983718622,0.09891808099116749,0.06065625151518808,79.19095623222996,0.3783314824104309,-51.132057189941406,0.25173425674438477,2.4227649349564033
872000,93.3466004990141,0.09892921780998444,0.06064942322221059,79.15240760648894,0.003579431213438511,-5.112005233764648,-2.5864434242248535,0.3764473692772587
873000,220.3846581510581,0.09896728041022604,0.06062609758628909,79.13859112562007,0.10643767565488815,-27.46276092529297,0.1362748146057129,1.6439654820386125
874000,255.73259303332316,0.09903932244962935,0.060581997650999225,79.13590629185731,0.45987778902053833,-56.56385803222656,-2.5092904567718506,2.898399969998603
875000,262.4385589887204,0.09912192364059977,0.06053151290480439,79.13645707390761,0.45271846652030945,-56.460567474365234,1.6822733879089355,3.214110429745182
876000,272.46125520941223,0.099222359215526,0.06047024125849589,79.14040978280804,0.44521862268447876,-55.350746154785156,5.280879020690918,2.54454163322277
877000,227.30595062729768,0.09925947423291072,0.060447630277801985,79.1274202401316,0.3844289779663086,-51.48653793334961,7.221428394317627,2.4256901746661326
878000,256.90787328586276,0.09932936569769674,0.060405097302852595,79.12492912537971,0.4344498813152313,-54.86286926269531,0.18446922302246094,2.709398887633644
879000,32.911055204448644,0.09932063997443391,0.06041040413698963,79.08126952991877,0.004645385313779116,-5.584254264831543,-3.216458320617676,0.19430754703829675
880000,269.8640318820859,0.09941736454235318,0.06035162999562231,79.0837419980728,0.4619910717010498,-56.70987319946289,2.370331287384033,2.956715327560885
881000,268.6245381127042,0.0995096830501214,0.060295639741691255,79.08558883771961,0.49098798632621765,-58.50125503540039,0.10050392150878906,3.0855641403135463
882000,276.36471145504737,0.09961923227746729,0.060229333862846186,79.09040172126137,0.5164401531219482,-59.69865798950195,1.6237766742706299,2.8613122086814426
883000,287.7561598351343,0.09974589824300856,0.06015284944732607,79.0995037524267,0.5570276975631714,-62.32515335083008,-0.49226200580596924,3.2898030413552712
884000,239.37770484394363,0.09984106305708447,0.060095513972737644,79.09182176532838,0.002109017688781023,-3.8373470306396484,-3.4134154319763184,0.20513095478709115
885000,276.3101864537411,0.0999452782578244,0.0600328510219569,79.09581036728616,0.4870780408382416,-58.64271545410156,-3.4052977561950684,3.4409782047791104
886000,276.42815115293774,0.10004846388305334,0.0599709357558293,79.09978141413843,0.521865963935852,-60.69698715209961,-3.1841139793395996,3.5550728749875486
887000,97.30297790757022,0.10006814627875417,0.05995914007726435,79.06201008956907,0.009346864186227322,-8.230873107910156,1.044163703918457,0.5872220301269466
888000,193.309752120267,0.10015408350897737,0.059907692125825175,79.04184963775336,0.05237070843577385,-17.67217445373535,6.948572158813477,-0.41627292160427815
889000,197.8329830985158,0.10021959538140017,0.05986853146997982,79.0224065951698,0.3722198009490967,-50.61960983276367,1.0504274368286133,2.408182733464937
890000,60.17331516265876,0.10022071202445426,0.05986786442443131,78.98129461007346,0.003047215985134244,-4.791659355163574,-4.040616989135742,0.4317658853288361
891000,34.277164758102224,0.10021457207958119,0.05987153240783538,78.93835469698604,0.003328423947095871,-4.74098014831543,-0.6295280456542969,0.18682993901118553
892000,164.7209686200207,0.10025871159468948,0.0598451735970424,78.91151545335593,0.0032676630653440952,-4.553778648376465,-0.7172155380249023,0.04292188837959645
893000,274.2261603541258,0.10035664931746645,0.0597867708896867,78.91517205098083,0.45279955863952637,-56.009178161621094,-0.1595313549041748,2.9068619859240403
894000,254.80107381953053,0.10041923859644818,0.059749507005445665,78.91197552694884,0.4507453143596649,-56.09654998779297,-0.5622406005859375,3.1169729899178953
895000,122.75596855725978,0.10044201511260253,0.05973595803781495,78.87848209467332,0.005228796508163214,-5.854119777679443,-2.5174779891967773,0.15038395952378145
896000,271.43957919167525,0.10053213776079171,0.059682407373814396,78.87999136964655,0.42832478880882263,-54.32008743286133,-1.0921032428741455,2.695876105101058
897000,78.06904391675644,0.10053045441169373,0.0596834067359202,78.84054599632861,0.004146793391555548,-5.4051833152771,-5.498998641967773,0.32819897258883546
898000,268.5800454026164,0.10061592907330306,0.05963270483373204,78.84158970019058,0.3765973746776581,-50.86738967895508,-0.8605619668960571,2.484251223876826
899000,256.5412435003787,0.10068142728763946,0.059593910829833986,78.83818813932577,0.5023390054702759,-59.091739654541016,-0.7511663436889648,3.2144811734388044
900000,253.3808957326894,0.10074068633608,0.059558855693949316,78.83284111741415,0.3719766139984131,-50.68247604370117,-1.5966660976409912,2.6024171611419673
901000,261.55357584881295,0.10081385059840227,0.05951563167546633,78.8311451850442,0.389376699924469,-51.60512161254883,1.1500394344329834,2.4144461362404916
902000,257.99110126938587,0.10088040960636595,0.05947636437452943,78.82833542382645,0.44766712188720703,-55.759010314941406,-1.3083572387695312,3.016601815364573
903000,271.9850281068685,0.10097091188801122,0.05942305449964358,78.83024781880188,0.4674118161201477,-56.95807647705078,0.20075702667236328,3.0637879984421557
904000,41.758065866158695,0.10096688867690043,0.05942542232038395,78.78862548500572,0.0029628872871398926,-4.690487861633301,-5.840414524078369,0.4018326647979287
905000,259.72956897767665,0.10103284353016324,0.0593866290441356,78.78574699814077,0.41838690638542175,-53.63486099243164,-1.4127576351165771,2.674006100691169
906000,274.87795142328656,0.10112509222221834,0.05933245516172426,78.78808581994194,0.37581494450569153,-50.506256103515625,2.0301928520202637,2.206207446684159
907000,39.03633839210738,0.10111450053018153,0.059338670205951995,78.74613304565534,0.0034021567553281784,-4.9873576164245605,-6.644101142883301,0.39425212653254094
908000,256.5536580807581,0.10118370442141078,0.05929808593497573,78.74227708988691,0.44614744186401367,-55.24140548706055,0.06121110916137695,2.646077654950733
909000,263.1340330785676,0.1012550004975685,0.05925633272940512,78.74104138011963,0.4069634675979614,-52.941043853759766,-1.942281723022461,2.709228274761261
910000,256.8332814241536,0.10131667900222527,0.05922025928098393,78.73757281999892,0.2901034653186798,-44.48469161987305,-0.2242279052734375,2.075646716699018
911000,258.54065862540125,0.10138003368780875,0.05918325119595534,78.73308394598126,0.2904774844646454,-44.89809036254883,2.089580535888672,2.464137305755653
912000,262.2682650338079,0.10144915305736649,0.059142928444234306,78.73045602541903,0.3833097219467163,-51.356075286865234,-4.148292541503906,2.6124669374802294
913000,249.804315053642,0.10149794190806277,0.0591144991435868,78.72377931667832,0.3241806626319885,-47.49388122558594,-2.505885601043701,2.6710281387112578
914000,248.2873649124396,0.10154294070899282,0.059088302526072396,78.7165973978559,0.3739742636680603,-50.602500915527344,1.4847936630249023,2.464595417947609
915000,227.04974484286402,0.10157110664188553,0.0590719171856078,78.70325202008996,0.047358375042676926,-18.52692222595215,-3.385200023651123,1.3995368678136644
916000,257.1809733218463,0.10163197943120171,0.05903653587758381,78.69915545364562,0.4181528389453888,-53.395530700683594,3.4371414184570312,2.504923163701618
917000,259.29757842770596,0.10169821887512913,0.05899808341154079,78.69524635306314,0.4383094310760498,-54.840049743652344,0.6657187938690186,2.7399089888599644
918000,267.44863325879436,0.10177202685655308,0.058955296315921425,78.69363359711178,0.4317997992038727,-54.449798583984375,5.5807037353515625,2.7390548217874824
919000,192.01160287962398,0.10178819218004405,0.05894593342798677,78.67103971574826,0.2545567750930786,-41.52435302734375,4.548542499542236,1.8319660613077993
920000,264.6850867339682,0.10185613236222348,0.05890661525083871,78.67017565939682,0.42548877000808716,-54.083457946777344,0.20740318298339844,2.767296000106862
921000,262.63672039472215,0.10194736980433,0.05885389698151058,78.66871808111794,0.47282642126083374,-57.242454528808594,-4.487735271453857,3.1479788518340484
922000,29.87609940497181,0.10194888762036512,0.058853020764117206,78.6272108439573,0.0024596734438091516,-3.9760921001434326,-1.3010063171386719,0.07656815179680991
923000,154.39238847290957,0.10199500590785526,0.05882640965206222,78.59973484957708,0.0024326362181454897,-4.194350719451904,-5.400186061859131,0.3176735574722818
924000,191.85165325859398,0.10206607021985035,0.058785451297145054,78.57929694274252,0.0017358694458380342,-3.3916566371917725,-2.0029964447021484,0.11774704994839284
925000,298.72139492138496,0.10219691271338581,0.05871018840683743,78.58978376761772,0.5108295679092407,-58.96601486206055,5.4041972160339355,2.796057432809645
926000,56.34080952616873,0.10220321242143716,0.05870656956709805,78.55004277898966,0.003079852322116494,-4.695244789123535,-5.72336483001709,0.3359991155512806
927000,277.77099699649096,0.10229595964254627,0.05865334291760746,78.55210259611303,0.36075058579444885,-49.44166946411133,4.079451084136963,2.261302326738139
928000,243.87338048963957,0.10238501408113262,0.05860232626666867,78.54520839779241,0.006959978025406599,-7.074807643890381,-5.143035888671875,0.5220566163301418
929000,212.95689713013564,0.1024743670629824,0.05855122770665472,78.5299907730644,0.0020848519634455442,-3.4114551544189453,2.9758291244506836,-0.1742384486818069
930000,292.74841264191207,0.10259283332290559,0.058483617282654755,78.53642198203752,0.13763287663459778,-31.159948348999023,2.045353889465332,2.0237947417249917
931000,57.925553238429416,0.10259591942984216,0.058481858083088395,78.49676193716193,0.0025197872892022133,-4.290133476257324,-5.023228645324707,0.3497931724524916
932000,97.8087607115614,0.10262962573982562,0.0584626510790411,78.46114942954031,0.002335300436243415,-4.522599697113037,-6.746872901916504,0.7309687081970482
933000,32.550843441820305,0.10262674959007702,0.05846428951482782,78.42020669642255,0.0014643557369709015,-3.2000815868377686,-1.2177190780639648,0.19918351969683137
934000,156.98189929800253,0.10267576612943263,0.058436379159191525,78.39316925622798,0.0015634790761396289,-3.1299571990966797,-0.5172224044799805,0.03022460453782086
935000,41.87579366307017,0.10267743754300374,0.05843542791459962,78.35277387567452,0.001849962631240487,-3.563231945037842,-2.2867445945739746,0.19318559929095241
936000,163.3750816917485,0.10272347784303537,0.05840923736215575,78.32722291081076,0.0023202646989375353,-3.963958978652954,-1.0924267768859863,0.19100496863659622
937000,200.4899821076325,0.10278769807495118,0.058372744135440156,78.30787846858111,0.46236175298690796,-55.7696533203125,1.2491912841796875,2.5225000706465948
938000,270.029690199086,0.10286495686957108,0.058328902111996955,78.30763276937171,0.4838128983974457,-57.36405944824219,-1.0211442708969116,2.8958836358023397
939000,290.14401513302636,0.10297615504378618,0.058265916002095415,78.31484769061014,0.5129324197769165,-58.90340042114258,0.14145231246948242,2.814850025782874
940000,107.2338163157568,0.10299955077528447,0.05825268124800158,78.28059255725233,0.0021246664691716433,-3.8937034606933594,-2.3273861408233643,0.2854293516292997
941000,236.11355025857762,0.103037980123073,0.058230955156859075,78.26951090549508,0.43167978525161743,-54.313377380371094,-0.8389430046081543,2.8884802246126173
942000,40.04492743536392,0.10303396758193269,0.058233222895437815,78.2292923400013,0.0021275323815643787,-3.7420578002929688,-0.4398078918457031,0.13371753889027102
943000,277.8782164583532,0.10312212062384937,0.05818344273471391,78.23146987806304,0.46797433495521545,-56.41197204589844,0.17530298233032227,2.8948824909745645
944000,287.92193377198555,0.1032366859007772,0.05811887458075434,78.2366652480247,0.49624764919281006,-57.86136245727539,2.560723304748535,2.74766537159146
945000,70.07737523067331,0.10322932846907142,0.05812301686916101,78.19845420480108,0.001696647610515356,-3.2364392280578613,-0.2652106285095215,0.01541484183473971
946000,195.99620382856804,0.10330465215435489,0.0580806369788165,78.17883800855056,0.0016197521472349763,-3.200838565826416,-0.937345027923584,0.0544415962907283
947000,30.969684377607226,0.10330242780915522,0.058081887592076976,78.13854823145431,0.0016733963275328279,-3.237607717514038,-0.7090167999267578,0.04118103407424008
948000,204.09182454013154,0.10336340790846564,0.058047621701031296,78.12071388963541,0.001699634944088757,-3.135486602783203,2.4144058227539062,-0.08516716919516483
949000,292.37093965754923,0.10347354002935766,0.057985838682021236,78.12763616407614,0.437967449426651,-54.373268127441406,-2.159381866455078,2.6690940007940736
950000,281.3119271613053,0.10356458573744896,0.05793486216621248,78.13095091305493,0.4480474889278412,-54.898193359375,0.05321347713470459,2.6001851592322094
951000,277.96617743282064,0.10364828981336031,0.05788807524759176,78.13351313028052,0.45478928089141846,-55.4833869934082,5.69285249710083,2.7916576981082892
952000,273.5749809417336,0.10372460949936377,0.05784548169387713,78.13445189928886,0.4842968285083771,-57.15249252319336,0.5248122215270996,2.7776041363827084
953000,281.13807299484057,0.10381171127445175,0.05779694724555235,78.13740876058229,0.519683837890625,-59.491641998291016,-0.6192154884338379,3.163089107066115
954000,288.6719533533272,0.1039162694433057,0.0577387932817725,78.14311918326676,0.5526852011680603,-61.287967681884766,-1.0183870792388916,3.194184810911323
955000,303.6562915264652,0.10404417179092973,0.05766781451301881,78.15419169982218,0.520700216293335,-59.18082046508789,-1.1221537590026855,2.7851012857485635
956000,60.04655589550674,0.10403862745969343,0.057670887693366736,78.1156998567666,0.0016467001987621188,-3.221409559249878,-0.8931617736816406,0.051509432342002136
957000,289.26331712130286,0.1041401299338456,0.057614677490910225,78.12113793426543,0.5287912487983704,-59.72747039794922,0.344649076461792,2.9193084856218685
958000,30.719981348448574,0.10414115292759668,0.057614111533520786,78.08134630839318,0.0020019288640469313,-3.8626537322998047,-3.842068672180176,0.369066592030807
959000,283.1093993902771,0.10422959013909663,0.057565226841944504,78.08518773428437,0.43628063797950745,-54.30308151245117,3.267155170440674,2.7266097433261467
960000,179.1161040531473,0.10423224891881894,0.057563758455150354,78.06045222488635,0.40754035115242004,-52.89030838012695,-2.654327154159546,3.057381706104902
961000,285.9777320379686,0.10432336876878714,0.05751348016088185,78.06375361586525,0.427022784948349,-53.817718505859375,-1.3974264860153198,2.805410346164814
962000,202.1906102060899,0.10436592038796372,0.05749003101487491,78.04577227391509,0.0019226167351007462,-3.5069122314453125,-1.474836826324463,0.08478841488727305
963000,168.92142501904806,0.1043749523258382,0.057485056196904145,78.02039326391778,0.001903652329929173,-3.7521097660064697,-6.0539655685424805,0.34801255092178723
964000,283.19193748076526,0.10446662143209941,0.05743461325491266,78.02317023832872,0.38536423444747925,-51.114784240722656,-4.371468544006348,2.679787956631123
965000,266.5012678635083,0.1045306515483898,0.05739943175636338,78.0200169784731,0.4320726692676544,-54.34783935546875,-1.6025245189666748,3.06353588817024
966000,287.1760475828549,0.10462428275176704,0.05734806339591049,78.0234972141645,0.5258355140686035,-59.851558685302734,-2.4185328483581543,3.273198087494488
967000,29.847261275586053,0.10462758032096815,0.05734625594507374,77.98421334498201,0.002098473021760583,-3.756200075149536,-1.803847312927246,0.1838139176697067
968000,66.82434629426317,0.10464383988380993,0.057337345482180606,77.94717276534674,0.0016391042154282331,-3.188854694366455,-0.5772314071655273,0.033096916615815104
969000,265.5803271134448,0.10471213611351825,0.057299948436687516,77.94429542139301,0.002807878889143467,-4.278403282165527,-1.0312681198120117,0.14818017084863525
970000,289.95567231079946,0.10480915983620838,0.057246904844734596,77.94906210586007,0.44014525413513184,-54.01961898803711,2.666165351867676,2.305527691411346
971000,314.10473499751765,0.10494869660134916,0.05717079100840274,77.96188335400021,0.5418744683265686,-60.599205017089844,-3.1153740882873535,3.2098034188338085
972000,33.01872761759476,0.10494980082358814,0.057170189489787596,77.92303403137676,0.0030130997765809298,-4.4517693519592285,-3.0512516498565674,0.174440635003327
973000,100.47162328328535,0.10496982073027385,0.0571592859572215,77.88911882094993,0.0020785664673894644,-3.8189029693603516,-4.685798645019531,0.2678369046886324
974000,271.73914427521896,0.10504101642210117,0.05712054399673125,77.88620622132893,0.42219626903533936,-52.98328399658203,3.1510744094848633,2.375451366940861
975000,88.29020431360249,0.10505817146687535,0.057111216730930725,77.85145088718039,0.0020785315427929163,-3.69163179397583,-2.491856575012207,0.1423129609179169
976000,144.40701471232825,0.10508241999216933,0.05709803790631312,77.82292442409774,0.0018987043295055628,-3.613363742828369,-3.8932693004608154,0.2222980380971968
977000,292.2790522750929,0.10517985378888632,0.05704514490049597,77.82871165892807,0.4947656989097595,-57.4799690246582,1.2799072265625,2.735579418922596
978000,30.225667274401008,0.10517891081613917,0.057045656333981835,77.78989617034502,0.002751268446445465,-4.208164215087891,-2.2418394088745117,0.1278872004746324
979000,95.67803539453851,0.10520331287031277,0.057032424514961585,77.75609072810764,0.0017494206549599767,-3.5834991931915283,-5.808398246765137,0.3312670345614679
980000,45.89055008700887,0.10520454031973603,0.057031759102457856,77.71819601299241,0.0027157198637723923,-4.415404319763184,-1.6231670379638672,0.36530954277931993
981000,225.32390854818658,0.1052181424263679,0.05702438630485066,77.70458560579333,0.13366389274597168,-29.63330841064453,-1.8416218757629395,1.224457488287227
982000,86.55070546935134,0.10522644623391787,0.05701988629989489,77.66979205214419,0.0026656906120479107,-4.2789530754089355,-3.183600425720215,0.26883667744538936
983000,197.73174641674197,0.10522227245245587,0.057022148069564536,77.64992153507232,0.2897456884384155,-43.66726303100586,5.18671989440918,1.8698390015656932
984000,200.622576312898,0.10521162257071084,0.057027920047212535,77.63101139032008,0.18137526512145996,-34.44951248168945,5.585174560546875,1.3878848126367491
985000,224.39381417713923,0.10521838194402791,0.05702425649533146,77.6177020510926,0.3392018675804138,-47.5250129699707,0.8440287113189697,2.3196559548686886
986000,187.47837728354756,0.10521958657430883,0.057023603640208594,77.59678063683353,0.22759829461574554,-39.32284927368164,1.427901268005371,2.303551826950208
987000,20.52967705442209,0.10522572586339454,0.05702027665543767,77.55811911746129,0.0023862114176154137,-3.858257532119751,-1.2211666107177734,0.0696312579855106
988000,112.83285471467711,0.10518823463186512,0.05704059984463695,77.52472636342893,0.03737056255340576,-15.929834365844727,-1.1708717346191406,0.9431674548818271
989000,92.54788305944008,0.10516105168076516,0.05705534419923884,77.48967666917295,0.0884728729724884,-23.531482696533203,4.331416130065918,0.48265079369145175
990000,58.056274139993576,0.10514900607461163,0.05706188031622972,77.45223845138672,0.050608422607183456,-18.016742706298828,3.948054790496826,0.5928412050536678
991000,85.62343817624588,0.10512178403260172,0.05707665690052599,77.416453054743,0.03852442279458046,-15.815253257751465,3.2513818740844727,0.6202323449484537
992000,101.36679232265904,0.10509000681690388,0.05709391579404571,77.38148791285514,0.07774114608764648,-22.805559158325195,3.1686840057373047,1.2299760469251122
993000,95.206216916391,0.10506331927462315,0.05710841844161335,77.34626117261942,0.16868631541728973,-33.56135559082031,0.7862510681152344,1.7941350118614616
994000,168.4931540915824,0.10504299704819008,0.0571194669669165,77.31943962490266,0.015462063252925873,-9.884074211120605,3.2149572372436523,0.2696690038707598
995000,188.5731167369057,0.10503071165279519,0.05712614820543608,77.29568581508663,0.08441157639026642,-23.454622268676758,3.1362533569335938,0.9973895212226138
996000,164.03972339175604,0.10500847504833706,0.057138245243901556,77.2675401067734,0.0008099382976070046,-2.8662164211273193,-5.012473106384277,0.6672275538862923
997000,176.93439622005062,0.10499709568221836,0.057144437767683146,77.24186817422354,0.19441622495651245,-35.49725341796875,4.707284450531006,1.4392604150967905
998000,233.90971327201538,0.10501870041626347,0.05713268185778106,77.22807415089139,0.35968416929244995,-48.96090316772461,4.854196548461914,2.6443877970183065
999000,207.1253571231945,0.10503289255931489,0.05712496203617014,77.20778343722912,0.1328442543745041,-29.517221450805664,7.068304061889648,1.376677237183154
1000000,221.66632511073138,0.1050592687725182,0.057110620225157165,77.19156607417511,0.39736276865005493,-51.787559509277344,-2.541887044906616,3.1285346830863694
